end,filed,form,Name,Ticker,CIK,Currency,AccountsPayableCurrent,AccountsReceivableNetCurrent,AccretionAmortizationOfDiscountsAndPremiumsInvestments,AccruedSalesCommissionCurrentAndNoncurrent,AccumulatedDepreciationDepletionAndAmortizationPropertyPlantAndEquipment,AccumulatedOtherComprehensiveIncomeLossNetOfTax,AdditionalPaidInCapital,AdjustmentsToAdditionalPaidInCapitalEquityComponentOfConvertibleDebt,AdjustmentsToAdditionalPaidInCapitalIncreaseInCarryingAmountOfRedeemablePreferredStock,AdjustmentsToAdditionalPaidInCapitalSharebasedCompensationRequisiteServicePeriodRecognitionValue,AdjustmentsToAdditionalPaidInCapitalStockIssuedIssuanceCosts,AdvertisingExpense,AllocatedShareBasedCompensationExpense,AmortizationOfDebtDiscountPremium,AmortizationOfFinancingCosts,AmortizationOfFinancingCostsAndDiscounts,AmortizationOfIntangibleAssets,AntidilutiveSecuritiesExcludedFromComputationOfEarningsPerShareAmount,AssetImpairmentCharges,Assets,AssetsCurrent,AvailableForSaleDebtSecuritiesAccumulatedGrossUnrealizedGainBeforeTax,AvailableForSaleDebtSecuritiesAccumulatedGrossUnrealizedLossBeforeTax,AvailableForSaleDebtSecuritiesAmortizedCostBasis,AvailableForSaleSecuritiesDebtMaturitiesWithinOneYearAmortizedCost,AvailableForSaleSecuritiesDebtMaturitiesWithinOneYearFairValue,AvailableForSaleSecuritiesDebtSecuritiesCurrent,BusinessCombinationAcquisitionRelatedCosts,BusinessCombinationRecognizedIdentifiableAssetsAcquiredAndLiabilitiesAssumedAssets,BusinessCombinationRecognizedIdentifiableAssetsAcquiredAndLiabilitiesAssumedCashAndEquivalents,BusinessCombinationRecognizedIdentifiableAssetsAcquiredAndLiabilitiesAssumedDeferredTaxLiabilities,BusinessCombinationRecognizedIdentifiableAssetsAcquiredAndLiabilitiesAssumedIntangibles,BusinessCombinationRecognizedIdentifiableAssetsAcquiredAndLiabilitiesAssumedLiabilities,BusinessCombinationRecognizedIdentifiableAssetsAcquiredGoodwillAndLiabilitiesAssumedNet,CapitalExpendituresIncurredButNotYetPaid,CapitalizedComputerSoftwareAccumulatedAmortization,CapitalizedComputerSoftwareGross,CapitalizedContractCostAmortization,CapitalizedContractCostNet,CapitalizedContractCostNetCurrent,CapitalizedContractCostNetNoncurrent,CashAndCashEquivalentsAtCarryingValue,CashAndCashEquivalentsFairValueDisclosure,CashAndCashEquivalentsPeriodIncreaseDecrease,CashCashEquivalentsRestrictedCashAndRestrictedCashEquivalents,CashCashEquivalentsRestrictedCashAndRestrictedCashEquivalentsPeriodIncreaseDecreaseIncludingExchangeRateEffect,CashEquivalentsAtCarryingValue,CommonStockCapitalSharesReservedForFutureIssuance,CommonStockParOrStatedValuePerShare,CommonStockSharesAuthorized,CommonStockSharesIssued,CommonStockSharesOutstanding,CommonStockValue,CommonStockValueOutstanding,ComprehensiveIncomeNetOfTax,ContractRevenueCost,ContractWithCustomerLiability,ContractWithCustomerLiabilityCurrent,ContractWithCustomerLiabilityNoncurrent,ContractWithCustomerLiabilityRevenueRecognized,ConversionOfStockAmountConverted1,ConvertibleLongTermNotesPayable,CostOfGoodsAndServicesSold,CostOfRevenue,CumulativeEffectOfNewAccountingPrincipleInPeriodOfAdoption,CurrentFederalTaxExpenseBenefit,CurrentForeignTaxExpenseBenefit,CurrentIncomeTaxExpenseBenefit,CurrentStateAndLocalTaxExpenseBenefit,DebtInstrumentCarryingAmount,DebtInstrumentConvertibleCarryingAmountOfTheEquityComponent,DebtInstrumentConvertibleConversionPrice1,DebtInstrumentConvertibleConversionRatio1,DebtInstrumentConvertibleNumberOfEquityInstruments,DebtInstrumentConvertibleNumberOfEquityInstruments,DebtInstrumentConvertibleThresholdConsecutiveTradingDays1,DebtInstrumentConvertibleThresholdPercentageOfStockPriceTrigger,DebtInstrumentConvertibleThresholdTradingDays,DebtInstrumentInterestRateEffectivePercentage,DebtInstrumentRedemptionPricePercentageOfPrincipalAmountRedeemed,DebtInstrumentUnamortizedDiscountPremiumNet,DebtSecuritiesAvailableForSaleContinuousUnrealizedLossPosition12MonthsOrLonger,DebtSecuritiesAvailableForSaleContinuousUnrealizedLossPosition12MonthsOrLongerAccumulatedLoss,DebtSecuritiesAvailableForSaleContinuousUnrealizedLossPositionLessThan12Months,DebtSecuritiesAvailableForSaleContinuousUnrealizedLossPositionLessThan12MonthsAccumulatedLoss,DebtSecuritiesAvailableForSaleUnrealizedLossPosition,DebtSecuritiesAvailableForSaleUnrealizedLossPositionAccumulatedLoss,DeferredFederalIncomeTaxExpenseBenefit,DeferredFinanceCostsNet,DeferredForeignIncomeTaxExpenseBenefit,DeferredIncomeTaxExpenseBenefit,DeferredIncomeTaxLiabilities,DeferredStateAndLocalIncomeTaxExpenseBenefit,DeferredTaxAssetsDeferredIncome,DeferredTaxAssetsGross,DeferredTaxAssetsLiabilitiesNet,DeferredTaxAssetsNet,DeferredTaxAssetsOperatingLossCarryforwards,DeferredTaxAssetsOther,DeferredTaxAssetsPropertyPlantAndEquipment,DeferredTaxAssetsTaxCreditCarryforwards,DeferredTaxAssetsTaxDeferredExpenseCompensationAndBenefitsShareBasedCompensationCost,DeferredTaxAssetsTaxDeferredExpenseReservesAndAccruals,DeferredTaxAssetsValuationAllowance,DeferredTaxLiabilitiesDeferredExpenseDeferredPolicyAcquisitionCost,DeferredTaxLiabilitiesGoodwillAndIntangibleAssetsIntangibleAssets,DeferredTaxLiabilitiesLeasingArrangements,DeferredTaxLiabilitiesOther,DefinedContributionPlanCostRecognized,DepreciationDepletionAndAmortization,DerivativeNotionalAmount,EarningsPerShareBasic,EarningsPerShareBasicAndDiluted,EarningsPerShareDiluted,EffectiveIncomeTaxRateContinuingOperations,EffectiveIncomeTaxRateReconciliationAtFederalStatutoryIncomeTaxRate,EffectiveIncomeTaxRateReconciliationChangeInDeferredTaxAssetsValuationAllowance,EffectiveIncomeTaxRateReconciliationChangeInEnactedTaxRate,EffectiveIncomeTaxRateReconciliationForeignIncomeTaxRateDifferential,EffectiveIncomeTaxRateReconciliationNondeductibleExpenseMealsAndEntertainment,EffectiveIncomeTaxRateReconciliationNondeductibleExpenseShareBasedCompensationCost,EffectiveIncomeTaxRateReconciliationOtherAdjustments,EffectiveIncomeTaxRateReconciliationShareBasedCompensationExcessTaxBenefitPercent,EffectiveIncomeTaxRateReconciliationStateAndLocalIncomeTaxes,EffectiveIncomeTaxRateReconciliationTaxCredits,EmployeeRelatedLiabilitiesCurrent,EmployeeServiceShareBasedCompensationAllocationOfRecognizedPeriodCostsCapitalizedAmount,EmployeeServiceShareBasedCompensationNonvestedAwardsTotalCompensationCostNotYetRecognized,EquitySecuritiesWithoutReadilyDeterminableFairValueAmount,FiniteLivedIntangibleAssetsAccumulatedAmortization,FiniteLivedIntangibleAssetsAmortizationExpenseAfterYearFive,FiniteLivedIntangibleAssetsAmortizationExpenseNextTwelveMonths,FiniteLivedIntangibleAssetsAmortizationExpenseRemainderOfFiscalYear,FiniteLivedIntangibleAssetsAmortizationExpenseYearFive,FiniteLivedIntangibleAssetsAmortizationExpenseYearFour,FiniteLivedIntangibleAssetsAmortizationExpenseYearThree,FiniteLivedIntangibleAssetsAmortizationExpenseYearTwo,FiniteLivedIntangibleAssetsGross,FiniteLivedIntangibleAssetsNet,FinitelivedIntangibleAssetsAcquired1,ForeignCurrencyTransactionLossBeforeTax,GeneralAndAdministrativeExpense,Goodwill,GoodwillAcquiredDuringPeriod,GoodwillPeriodIncreaseDecrease,GrossProfit,ImpairmentOfLongLivedAssetsHeldForUse,IncomeLossFromContinuingOperationsBeforeIncomeTaxesDomestic,IncomeLossFromContinuingOperationsBeforeIncomeTaxesExtraordinaryItemsNoncontrollingInterest,IncomeLossFromContinuingOperationsBeforeIncomeTaxesForeign,IncomeLossFromContinuingOperationsBeforeIncomeTaxesMinorityInterestAndIncomeLossFromEquityMethodInvestments,IncomeTaxExpenseBenefit,IncomeTaxesPaidNet,IncreaseDecreaseInAccountsPayable,IncreaseDecreaseInAccountsReceivable,IncreaseDecreaseInAccruedLiabilitiesAndOtherOperatingLiabilities,IncreaseDecreaseInContractWithCustomerAsset,IncreaseDecreaseInContractWithCustomerLiability,IncreaseDecreaseInDeferredIncomeTaxes,IncreaseDecreaseInEmployeeRelatedLiabilities,IncreaseDecreaseInPrepaidDeferredExpenseAndOtherAssets,IncreaseDecreaseInRestrictedCash,InterestExpense,InterestExpenseDebt,InterestExpenseDebtExcludingAmortization,InterestIncomeExpenseNet,InterestPaidNet,InterestReceivable,InterestReceivableCurrent,InvestmentIncomeInterest,LeaseAndRentalExpense,LeaseCost,LeaseholdImprovementsGross,LesseeOperatingLeaseLiabilityPaymentsDue,LesseeOperatingLeaseLiabilityPaymentsDueAfterYearFive,LesseeOperatingLeaseLiabilityPaymentsDueNextTwelveMonths,LesseeOperatingLeaseLiabilityPaymentsDueYearFive,LesseeOperatingLeaseLiabilityPaymentsDueYearFour,LesseeOperatingLeaseLiabilityPaymentsDueYearThree,LesseeOperatingLeaseLiabilityPaymentsDueYearTwo,LesseeOperatingLeaseLiabilityPaymentsRemainderOfFiscalYear,LesseeOperatingLeaseLiabilityUndiscountedExcessAmount,Liabilities,LiabilitiesAndStockholdersEquity,LiabilitiesCurrent,LongTermDebt,LongTermDebtFairValue,LossContingencyPatentsAllegedlyInfringedNumber,NetCashProvidedByUsedInFinancingActivities,NetCashProvidedByUsedInInvestingActivities,NetCashProvidedByUsedInOperatingActivities,NetIncomeLoss,NetIncomeLossAvailableToCommonStockholdersBasic,NoncurrentAssets,NonoperatingIncomeExpense,NotesAndLoansReceivableNetNoncurrent,NotesIssued1,NumberOfOperatingSegments,NumberOfReportableSegments,OperatingExpenses,OperatingIncomeLoss,OperatingLeaseCost,OperatingLeaseLiability,OperatingLeaseLiabilityCurrent,OperatingLeaseLiabilityNoncurrent,OperatingLeasePayments,OperatingLeaseRightOfUseAsset,OperatingLeaseRightOfUseAssetAmortizationExpense,OperatingLeasesFutureMinimumPaymentsDue,OperatingLeasesFutureMinimumPaymentsDueCurrent,OperatingLeasesFutureMinimumPaymentsDueInFiveYears,OperatingLeasesFutureMinimumPaymentsDueInFourYears,OperatingLeasesFutureMinimumPaymentsDueInThreeYears,OperatingLeasesFutureMinimumPaymentsDueInTwoYears,OperatingLeasesFutureMinimumPaymentsDueThereafter,OperatingLeasesFutureMinimumPaymentsRemainderOfFiscalYear,OptionIndexedToIssuersEquityStrikePrice1,OtherAssetsNoncurrent,OtherCommitment,OtherCommitmentDueAfterFifthYear,OtherCommitmentDueInFifthYear,OtherCommitmentDueInFourthYear,OtherCommitmentDueInNextTwelveMonths,OtherCommitmentDueInSecondYear,OtherCommitmentDueInThirdYear,OtherCommitmentsFutureMinimumPaymentsRemainderOfFiscalYear,OtherComprehensiveIncomeLossCashFlowHedgeGainLossAfterReclassificationAndTaxParent,OtherComprehensiveIncomeLossCashFlowHedgeGainLossBeforeReclassificationAfterTax,OtherComprehensiveIncomeLossCashFlowHedgeGainLossReclassificationAfterTax,OtherComprehensiveIncomeLossNetOfTax,OtherComprehensiveIncomeLossNetOfTaxPortionAttributableToParent,OtherComprehensiveIncomeUnrealizedHoldingGainLossOnSecuritiesArisingDuringPeriodNetOfTax,OtherLiabilitiesNoncurrent,OtherNoncashIncomeExpense,OtherNonoperatingIncomeExpense,OtherThanTemporaryImpairmentLossDebtSecuritiesAvailableForSale,PaymentForContingentConsiderationLiabilityFinancingActivities,PaymentsForProceedsFromOtherInvestingActivities,PaymentsForRepurchaseOfCommonStock,PaymentsOfStockIssuanceCosts,PaymentsToAcquireAvailableForSaleSecuritiesDebt,PaymentsToAcquireBusinessesGross,PaymentsToAcquireBusinessesNetOfCashAcquired,PaymentsToAcquireIntangibleAssets,PaymentsToAcquireOtherInvestments,PaymentsToAcquirePropertyPlantAndEquipment,PaymentsToDevelopSoftware,PreferredStockParOrStatedValuePerShare,PreferredStockSharesAuthorized,PreferredStockSharesIssued,PreferredStockSharesOutstanding,PreferredStockValue,PrepaidExpenseAndOtherAssetsCurrent,ProceedsFromConvertibleDebt,ProceedsFromIssuanceInitialPublicOffering,ProceedsFromIssuanceOfDebt,ProceedsFromIssuanceOfPreferredStockAndPreferenceStock,ProceedsFromIssuanceOfSharesUnderIncentiveAndShareBasedCompensationPlans,ProceedsFromIssuanceOfSharesUnderIncentiveAndShareBasedCompensationPlansIncludingStockOptions,ProceedsFromMaturitiesPrepaymentsAndCallsOfAvailableForSaleSecurities,ProceedsFromRepaymentOfLoansToPurchaseCommonStock,ProceedsFromSaleAndMaturityOfAvailableForSaleSecurities,ProceedsFromSaleOfAvailableForSaleSecuritiesDebt,ProceedsFromStockOptionsExercised,PropertyPlantAndEquipmentGross,PropertyPlantAndEquipmentNet,PurchaseObligation,PurchaseObligationDueInNextTwelveMonths,PurchaseObligationDueInSecondYear,PurchaseObligationDueInThirdYear,ReceivableFromShareholdersOrAffiliatesForIssuanceOfCapitalStock,RelatedPartyTransactionExpensesFromTransactionsWithRelatedParty,ResearchAndDevelopmentExpense,RestrictedCash,RestrictedCashAndCashEquivalents,RestrictedCashAndCashEquivalentsAtCarryingValue,RestrictedCashAndCashEquivalentsNoncurrent,RetainedEarningsAccumulatedDeficit,RevenueFromContractWithCustomerExcludingAssessedTax,RevenueRemainingPerformanceObligation,Revenues,RightOfUseAssetObtainedInExchangeForOperatingLeaseLiability,SaleOfStockConsiderationReceivedOnTransaction,SaleOfStockNumberOfSharesIssuedInTransaction,SaleOfStockPricePerShare,SellingAndMarketingExpense,ShareBasedCompensation,ShareBasedCompensationArrangementByShareBasedPaymentAwardNumberOfSharesAuthorized,ShareBasedCompensationArrangementByShareBasedPaymentAwardNumberOfSharesAvailableForGrant,ShareBasedCompensationArrangementByShareBasedPaymentAwardOptionsExercisableNumber,ShareBasedCompensationArrangementByShareBasedPaymentAwardOptionsExercisableWeightedAverageExercisePrice,ShareBasedCompensationArrangementByShareBasedPaymentAwardOptionsExercisesInPeriodTotalIntrinsicValue,ShareBasedCompensationArrangementByShareBasedPaymentAwardOptionsForfeituresAndExpirationsInPeriod,ShareBasedCompensationArrangementByShareBasedPaymentAwardOptionsForfeituresAndExpirationsInPeriodWeightedAverageExercisePrice,ShareBasedCompensationArrangementByShareBasedPaymentAwardOptionsGrantsInPeriodGross,ShareBasedCompensationArrangementByShareBasedPaymentAwardOptionsGrantsInPeriodWeightedAverageGrantDateFairValue,ShareBasedCompensationArrangementByShareBasedPaymentAwardOptionsOutstandingIntrinsicValue,ShareBasedCompensationArrangementByShareBasedPaymentAwardOptionsOutstandingNumber,ShareBasedCompensationArrangementByShareBasedPaymentAwardOptionsOutstandingWeightedAverageExercisePrice,ShareBasedCompensationArrangementByShareBasedPaymentAwardPerShareWeightedAveragePriceOfSharesPurchased,ShareBasedCompensationArrangementsByShareBasedPaymentAwardOptionsExercisesInPeriodWeightedAverageExercisePrice,ShareBasedCompensationArrangementsByShareBasedPaymentAwardOptionsGrantsInPeriodWeightedAverageExercisePrice,SharebasedCompensationArrangementBySharebasedPaymentAwardEquityInstrumentsOtherThanOptionsAggregateIntrinsicValueOutstanding,SharebasedCompensationArrangementBySharebasedPaymentAwardEquityInstrumentsOtherThanOptionsAggregateIntrinsicValueVested,SharebasedCompensationArrangementBySharebasedPaymentAwardOptionsExercisableIntrinsicValue1,ShortTermLeaseCost,StockholdersEquity,StockholdersEquityNoteStockSplitConversionRatio1,StockIssued1,StockIssuedDuringPeriodSharesConversionOfConvertibleSecurities,StockIssuedDuringPeriodSharesStockOptionsExercised,StockIssuedDuringPeriodValueConversionOfConvertibleSecurities,StockIssuedDuringPeriodValueEmployeeStockPurchasePlan,StockIssuedDuringPeriodValueNewIssues,StockIssuedDuringPeriodValueStockOptionsExercised,StockRepurchasedAndRetiredDuringPeriodValue,StockRepurchasedDuringPeriodValue,SubleaseIncome,TemporaryEquityAccretionToRedemptionValue,TemporaryEquityAccretionToRedemptionValueAdjustment,TemporaryEquityCarryingAmountAttributableToParent,TemporaryEquityLiquidationPreference,TemporaryEquityParOrStatedValuePerShare,TemporaryEquitySharesAuthorized,TemporaryEquitySharesIssued,TemporaryEquitySharesOutstanding,TemporaryEquityStockIssuedDuringPeriodValueNewIssues,UnrecognizedTaxBenefits,UnrecognizedTaxBenefitsDecreasesResultingFromPriorPeriodTaxPositions,UnrecognizedTaxBenefitsIncreasesResultingFromCurrentPeriodTaxPositions,UnrecognizedTaxBenefitsIncreasesResultingFromPriorPeriodTaxPositions,ValuationAllowancesAndReservesPeriodIncreaseDecrease,VariableLeaseCost,WeightedAverageNumberOfDilutedSharesOutstanding,WeightedAverageNumberOfShareOutstandingBasicAndDiluted,WeightedAverageNumberOfSharesOutstandingBasic,ProceedsFromPaymentsForOtherFinancingActivities
2018-04-30,2018-06-07,10-Q,"ZSCALER, INC.",ZS,CIK0001713683,USD,4944000.0,40215000.0,,,23020000.0,,434250000.0,,1223000.0,3309000.0,,,3309000.0,,,,,,,405538000.0,350447000.0,,,,,,,,,,,,,,,,,3422000.0,46508000.0,13753000.0,32755000.0,287443000.0,,,288011000.0,,,,,,119819000.0,119819000.0,119000.0,700000000.0,-8771000.0,2600000.0,,111035000.0,13771000.0,21000000.0,,,2600000.0,9424000.0,0.0,,,,,,,,,,,,,,,,,,,,,,,,,,,,,,,,,,,,,,,,,,,,,1900000.0,,,-0.14,,,,,,,,,,,,,14820000.0,,,,,,,,,,,,,,,,8964000.0,,,,39739000.0,,,-8414000.0,,,357000.0,,,,,,,,,,,,,,596000.0,,400000.0,,,700000.0,,,,,,,,,,,,162346000.0,405538000.0,147191000.0,,,,,,,-8771000.0,-9994000.0,,14000.0,,,,,48763000.0,-9024000.0,,,,,,,,7547000.0,,,1531000.0,2299000.0,2875000.0,,842000.0,,1895000.0,9989000.0,,134000.0,858000.0,,4591000.0,2985000.0,1421000.0,,,,,0.0,0.0,1384000.0,,,,,,,,,,,,,,,,,0.0,0.0,0.0,9036000.0,,,,,,,,,,,,43461000.0,20441000.0,2600000.0,,,,2039000.0,,9907000.0,,,180000.0,388000.0,-189138000.0,49163000.0,304700000.0,,,,,,29892000.0,,,13736.0,6020.0,4.02,,,,,,401868.0,16935.0,6.16,,,,,,155750.0,,243192000.0,,,,,207309000.0,,199839000.0,2174000.0,,,,1223000.0,1223000.0,,0.0,0.001,0.0,0.0,0.0,,,,,,,,,73818000.0,,
2018-07-31,2018-09-13,10-K,"ZSCALER, INC.",ZS,CIK0001713683,USD,4895000.0,61611000.0,0.0,10000000.0,24401000.0,-124000.0,438392000.0,,6332000.0,11224000.0,6164000.0,3400000.0,11224000.0,,,0.0,0.0,18851000.0,0.0,447781000.0,387164000.0,1000.0,124000.0,163083000.0,116897000.0,116843000.0,162960000.0,,,,,,,,-537000.0,900000.0,1800000.0,13181000.0,55910000.0,16136000.0,39774000.0,135579000.0,104904000.0,47601000.0,136147000.0,47601000.0,104905000.0,32055000.0,0.001,1000000.0,119764.0,119764.0,119000.0,,-33770000.0,9400000.0,,140670000.0,23353000.0,85300000.0,207309000.0,,9400000.0,37875000.0,,0.0,1480000.0,1478000.0,-2000.0,,,,,,,,,,,,,0.0,0.0,157016000.0,124000.0,157016000.0,124000.0,0.0,,-141000.0,-141000.0,12561000.0,0.0,6071000.0,58280000.0,141000.0,12702000.0,41794000.0,347000.0,303000.0,6118000.0,784000.0,2863000.0,45578000.0,12561000.0,0.0,,0.0,,,,,-0.63,,-0.041,0.21,0.335,-0.586,0.003,-0.013,-0.038,-0.006,-0.038,0.0,-0.037,23393000.0,,,,0.0,,,,,,,,0.0,0.0,,100000.0,31135000.0,0.0,,,152299000.0,,-36455000.0,-32309000.0,4146000.0,-32309000.0,1337000.0,870000.0,-779000.0,22559000.0,2076000.0,34429000.0,67404000.0,0.0,11785000.0,5068000.0,0.0,0.0,,,2236000.0,,100000.0,,2236000.0,2500000.0,,,,,,,,,,,,207545000.0,447781000.0,182832000.0,,,,208397000.0,-178103000.0,17307000.0,-33646000.0,-39978000.0,19765000.0,79000.0,2100000.0,0.0,1.0,1.0,186923000.0,-34624000.0,,,,,,,,6706000.0,2834000.0,,,1598000.0,2274000.0,,,,1078000.0,11522000.0,,,179000.0,6280000.0,3763000.0,1300000.0,,,,,-124000.0,-124000.0,-124000.0,1360000.0,-130000.0,79000.0,0.0,,-433000.0,3811000.0,4336000.0,163366000.0,,0.0,0.0,0.0,13397000.0,1773000.0,0.001,200000.0,0.0,0.0,0.0,10878000.0,0.0,205344000.0,,0.0,0.0,0.0,433000.0,5700000.0,,0.0,4985000.0,44166000.0,19765000.0,3100000.0,,,,2051000.0,,39379000.0,600000.0,,236000.0,332000.0,-196100000.0,190174000.0,397900000.0,,0.0,,,,116409000.0,11224000.0,,13471000.0,5499000.0,3.97,16700000.0,2012000.0,5.9,5021000.0,3.77,470860000.0,16175000.0,6.2,,3.09,10.02,,,172317000.0,,240236000.0,,3255000.0,,1892000.0,207309000.0,,198880000.0,4985000.0,-214000.0,4000000.0,,6332000.0,6332000.0,0.0,0.0,0.001,0.0,0.0,0.0,,2622000.0,,876000.0,1746000.0,-5915000.0,,,63881000.0,,
2018-10-31,2018-12-06,10-Q,"ZSCALER, INC.",ZS,CIK0001713683,USD,4573000.0,49228000.0,,3600000.0,26536000.0,-317000.0,455761000.0,,,7586000.0,,,7586000.0,,,,95000.0,18789000.0,,458094000.0,391604000.0,0.0,317000.0,271571000.0,215368000.0,215169000.0,271254000.0,,,,,,,,786000.0,,,4324000.0,55978000.0,16387000.0,39591000.0,42786000.0,27415000.0,,43264000.0,-92883000.0,27415000.0,37636000.0,0.001,1000000000.0,122106000.0,122106000.0,122000.0,,-7781000.0,2900000.0,,144472000.0,20807000.0,53800000.0,,,,12099000.0,0.0,,,,,,,,,,,,,,,,,,,,,,,,,,0.0,,,,,,,,,,,,,,,,,,,,,,-0.06,,,0.21,,,,,,,,,,18686000.0,,148600000.0,,,,,430000.0,,47000.0,572000.0,572000.0,1621000.0,,,,10131000.0,,,,51199000.0,,,-7261000.0,,,327000.0,517000.0,-768000.0,-12383000.0,2110000.0,4392000.0,1256000.0,,-4707000.0,1138000.0,,,,,1590000.0,,,,,700000.0,,,,,,,,,,,,205916000.0,458094000.0,183905000.0,,,,11449000.0,-115346000.0,11014000.0,-7588000.0,-7588000.0,25753000.0,-188000.0,,,,,59862000.0,-8663000.0,,,,,,,,6361000.0,,,18000.0,1581000.0,2466000.0,,2296000.0,,2767000.0,13450000.0,,,483000.0,,4860000.0,2672000.0,5435000.0,,,,-193000.0,-193000.0,-193000.0,1204000.0,-176000.0,,,,,22000.0,230000.0,137429000.0,,,1480000.0,,5414000.0,356000.0,0.001,200000000.0,0.0,0.0,0.0,11949000.0,,,,,,,,2100000.0,29333000.0,,9796000.0,50668000.0,24132000.0,3900000.0,,,,0.0,,13186000.0,,,186000.0,292000.0,-203388000.0,63298000.0,411200000.0,,,,,,36545000.0,7586000.0,,,4027000.0,4.2,87739000.0,408000.0,6.26,,,398958000.0,13417000.0,6.56,,4.17,,,,129225000.0,,252178000.0,,290000.0,,2350000.0,,,,9796000.0,0.0,,,,0.0,0.0,,,,,0.0,,,,,,,,,120587000.0,,
2019-01-31,2019-03-06,10-Q,"ZSCALER, INC.",ZS,CIK0001713683,USD,3459000.0,75470000.0,,4600000.0,28788000.0,-59000.0,483951000.0,,,13227000.0,,,13227000.0,,,,100000.0,,,518113000.0,446011000.0,66000.0,124000.0,272534000.0,213194000.0,213163000.0,272476000.0,,,,,,,,,,,4457000.0,60601000.0,18058000.0,42543000.0,67467000.0,54397000.0,,67855000.0,,54398000.0,35111000.0,0.001,1000000000.0,123987000.0,123987000.0,124000.0,,-3297000.0,3400000.0,,176326000.0,29694000.0,,,,3400000.0,15271000.0,,,,,,,,,,,,,,,,,,,,,,,,,,,,,,,,,,,,,,,,,,,,,,,,,-0.03,,,,,,,,,,,,,15541000.0,,148500000.0,,,,,286000.0,,47000.0,572000.0,572000.0,1477000.0,,,,10386000.0,,,,59031000.0,,,-3008000.0,,,547000.0,,,,,,,,,,,,,,1924000.0,,200000.0,,,800000.0,,,,,,,,,,,,241040000.0,518113000.0,210232000.0,,,,,,,-3555000.0,-3555000.0,27895000.0,250000.0,1900000.0,,,,64213000.0,-5182000.0,,,,,,,,5788000.0,,,18000.0,1604000.0,2588000.0,,1578000.0,,3797000.0,16190000.0,,,933000.0,,6710000.0,4131000.0,4416000.0,,,,258000.0,258000.0,258000.0,1114000.0,,,,,,,,,,,,,,,0.001,200000000.0,0.0,0.0,0.0,12540000.0,,,,,,,,,,,,54550000.0,25762000.0,3700000.0,,,,0.0,,15071000.0,,,96000.0,292000.0,-206943000.0,74302000.0,461000000.0,,,,,,38756000.0,,18688000.0,15815000.0,4055000.0,4.52,,,,,,500853000.0,12028000.0,6.72,,,,22456000.0,,177830000.0,,277073000.0,,,,,,8691000.0,,5697000.0,,,,,0.0,0.0,,,,,0.0,,,,,,,,,122741000.0,,
2019-04-30,2019-06-05,10-Q,"ZSCALER, INC.",ZS,CIK0001713683,USD,3585000.0,71151000.0,,6800000.0,31051000.0,101000.0,505531000.0,,,13275000.0,,,13275000.0,,,,200000.0,,,537536000.0,456043000.0,164000.0,63000.0,297661000.0,208501000.0,208521000.0,297762000.0,,,,,,,,,,,4724000.0,64105000.0,19391000.0,44714000.0,54974000.0,39977000.0,,54974000.0,,39977000.0,33453000.0,0.001,1000000000.0,125552000.0,125552000.0,126000.0,,-12076000.0,,,183622000.0,27920000.0,,,,3600000.0,14960000.0,,,,,,,,,,,,,,,,,,0.0,0.0,123825000.0,63000.0,123825000.0,63000.0,,,,,,,,,,,,,,,,,,,,,,,,,,-0.1,,,,,,,,,,,,,21845000.0,,155100000.0,,405000.0,20000.0,,213000.0,32000.0,244000.0,851000.0,851000.0,2616000.0,2211000.0,,,15911000.0,,,,64168000.0,,,-11600000.0,,,636000.0,,,,,,,,,,,,,,2081000.0,,200000.0,,,800000.0,,,,,,,,,,,,250957000.0,537536000.0,221562000.0,,,,,,,-12236000.0,-12236000.0,34826000.0,-144000.0,1900000.0,,,,77705000.0,-13537000.0,,,,,,,,44551000.0,,5878000.0,4476000.0,5867000.0,5204000.0,,840000.0,,4803000.0,18167000.0,,78000.0,1560000.0,,8410000.0,5535000.0,2584000.0,,,,,160000.0,160000.0,1475000.0,,,,,,,,,,,,,,,0.001,200000000.0,0.0,0.0,0.0,12765000.0,,,,,,,,,,,,63027000.0,31976000.0,2300000.0,,,,0.0,,16499000.0,,0.0,0.0,0.0,-219179000.0,79128000.0,497100000.0,,,,,,45295000.0,,18688000.0,15542000.0,3646000.0,5.4,,,,,,628067000.0,10243000.0,7.0,,,,,,229351000.0,,286579000.0,,,,,,,,8030000.0,,,,,0.0,0.0,,,,,0.0,,,,,,,,,124672000.0,,
2019-07-31,2019-09-18,10-K,"ZSCALER, INC.",ZS,CIK0001713683,USD,6208000.0,93341000.0,2181000.0,9000000.0,33737000.0,268000.0,532618000.0,,,46953000.0,,8600000.0,46423000.0,,,0.0,908000.0,14048000.0,0.0,604162000.0,496086000.0,462000.0,78000.0,285778000.0,196046000.0,196194000.0,286162000.0,,,,,,,,,1000000.0,3700000.0,18651000.0,69785000.0,21219000.0,48566000.0,78484000.0,,,78484000.0,-57663000.0,,31751000.0,0.001,1000000000.0,127253000.0,127253000.0,127000.0,,-28263000.0,,,221387000.0,29815000.0,143900000.0,0.0,0.0,13800000.0,59669000.0,,0.0,2325000.0,2389000.0,64000.0,,,,,,,,,,,,,18356000.0,16000.0,56548000.0,62000.0,74904000.0,78000.0,-1431000.0,,-108000.0,-1646000.0,17173000.0,-107000.0,14752000.0,121162000.0,257000.0,17430000.0,87413000.0,232000.0,560000.0,10330000.0,6112000.0,1763000.0,103732000.0,15906000.0,1178000.0,,89000.0,,,,-0.23,-0.23,-0.23,-0.027,0.21,-1.769,0.0,-0.009,-0.019,,-0.001,1.472,0.001,-0.1,21544000.0,500000.0,194600000.0,,908000.0,,2602000.0,,21000.0,1490000.0,1994000.0,2601000.0,9616000.0,8708000.0,9616000.0,300000.0,46598000.0,7479000.0,7479000.0,,243167000.0,,-34145000.0,-27912000.0,6233000.0,-27912000.0,743000.0,1770000.0,495000.0,31730000.0,-336000.0,32526000.0,87179000.0,1392000.0,-1849000.0,7642000.0,,0.0,,,7730000.0,0.0,200000.0,,7730000.0,3000000.0,,,,,,,,,,,,295604000.0,604162000.0,261949000.0,,,,46384000.0,-162074000.0,58027000.0,-28655000.0,-28655000.0,41046000.0,-329000.0,1900000.0,,1.0,1.0,278480000.0,-35313000.0,,,,,0.0,,0.0,71255000.0,16390000.0,6509000.0,6249000.0,10404000.0,15726000.0,15977000.0,4624000.0,,2277000.0,27295000.0,0.0,0.0,106000.0,11766000.0,9890000.0,5533000.0,11766000.0,0.0,0.0,0.0,,392000.0,392000.0,3840000.0,-284000.0,-329000.0,0.0,0.0,,22000.0,1797000.0,335186000.0,,11432000.0,1480000.0,0.0,25520000.0,3162000.0,0.001,200000000.0,0.0,0.0,0.0,16880000.0,0.0,0.0,,,16436000.0,16436000.0,199716000.0,2100000.0,,14990000.0,29862000.0,74783000.0,41046000.0,2500000.0,,,,0.0,,61969000.0,0.0,,0.0,0.0,-224455000.0,302836000.0,554200000.0,,0.0,,,,169913000.0,46423000.0,,15708000.0,3311000.0,5.6,300900000.0,1037000.0,6.77,0.0,,683294000.0,8861000.0,7.16,14.53,4.76,,,,260479000.0,,308558000.0,,983000.0,,6277000.0,,16436000.0,,29862000.0,0.0,,,,0.0,0.0,,,,,0.0,,4427000.0,288000.0,2093000.0,,58154000.0,,123566000.0,123566000.0,123566000.0,
2019-10-31,2019-12-06,10-Q,"ZSCALER, INC.",ZS,CIK0001713683,USD,3784000.0,70482000.0,300000.0,5400000.0,37216000.0,436000.0,555019000.0,,,19212000.0,,,18376000.0,,,0.0,779000.0,14489000.0,0.0,636228000.0,488886000.0,720000.0,119000.0,307684000.0,177892000.0,178341000.0,308285000.0,,,,,,,,,,,5535000.0,70426000.0,22060000.0,48366000.0,69346000.0,,,69346000.0,-9138000.0,,,0.001,1000000.0,127926.0,127926.0,128000.0,,-16908000.0,,,218191000.0,27678000.0,84100000.0,,,,19558000.0,,,,,,,,,,,,,,,,,,21113000.0,18000.0,81227000.0,101000.0,102340000.0,119000.0,,,,-49000.0,,,,,,,,,,,,,,,,,,,,,,-0.13,,,,,,,,,,,,,22926000.0,800000.0,234300000.0,,1687000.0,,,1925000.0,21000.0,1456000.0,1960000.0,2567000.0,9616000.0,7929000.0,0.0,,12625000.0,7479000.0,0.0,,74032000.0,,,-16282000.0,,,794000.0,810000.0,-38000.0,-22859000.0,-466000.0,6176000.0,-5333000.0,49000.0,1382000.0,2471000.0,,0.0,,,2022000.0,,,,2022000.0,,4092000.0,,38207000.0,5969000.0,,2666000.0,2729000.0,7801000.0,11061000.0,7981000.0,3969000.0,322176000.0,636228000.0,266317000.0,,,,3059000.0,-33626000.0,21429000.0,-17076000.0,,,-29000.0,,,,,92307000.0,-18275000.0,2952000.0,34238000.0,9413000.0,24825000.0,1994000.0,32585000.0,2596000.0,,,,,,,,,,2622000.0,,,,,,,,,,,,,168000.0,168000.0,3356000.0,-223000.0,-29000.0,0.0,,,0.0,0.0,88410000.0,,,0.0,,10210000.0,1802000.0,,,,,,18713000.0,,,,,,,66796000.0,,66796000.0,0.0,3059000.0,85577000.0,48361000.0,3500000.0,,,,,,20271000.0,,0.0,0.0,0.0,-241531000.0,93590000.0,554700000.0,,18237000.0,,,,59411000.0,18376000.0,25100000.0,21100000.0,3492000.0,5.81,30800000.0,170000.0,8.25,150000.0,22.76,299321000.0,8296000.0,8.01,,5.62,49.59,,,133292000.0,441000.0,314052000.0,,131000.0,,545000.0,,,,3059000.0,,,,,,,,,,,,,,,,,,699000.0,,127548000.0,,
2020-01-31,2020-03-04,10-Q,"ZSCALER, INC.",ZS,CIK0001713683,USD,2675000.0,94784000.0,,5700000.0,40887000.0,491000.0,589229000.0,,,25047000.0,,,23866000.0,,,,600000.0,,,676425000.0,523142000.0,635000.0,28000.0,307773000.0,173815000.0,174232000.0,308380000.0,,,,,,,,,,,5890000.0,74050000.0,23527000.0,50523000.0,76534000.0,43874000.0,,76534000.0,,43874000.0,,0.001,1000000.0,129266.0,129266.0,129000.0,,-29099000.0,,,251221000.0,28801000.0,,,,,20238000.0,,,,,,,,,,,,,,,,,,21121000.0,7000.0,34437000.0,21000.0,55558000.0,28000.0,,,,,,,,,,,,,,,,,,,,,,,,,,-0.23,,,,,,,,,,,,,25019000.0,1200000.0,239700000.0,,2329000.0,,,1283000.0,21000.0,1456000.0,1960000.0,2567000.0,9616000.0,7287000.0,,,28983000.0,7479000.0,,,81030000.0,,,-28438000.0,,,716000.0,,,,,,,,,,,0.0,,,1855000.0,,,,1855000.0,,4726000.0,,38465000.0,5847000.0,,2666000.0,2995000.0,8725000.0,11999000.0,6233000.0,4023000.0,357261000.0,676425000.0,303663000.0,,,,,,,-29154000.0,,,-13000.0,,,,,111310000.0,-30280000.0,3263000.0,34442000.0,11142000.0,23300000.0,2900000.0,32142000.0,,,,,,,,,,,3497000.0,,,,,,,,,0.0,,,,55000.0,55000.0,1497000.0,,-13000.0,0.0,,,,,,,,,,,,,,,,,19917000.0,,,,,,,,,,,,93242000.0,52355000.0,7000000.0,,,,,,20706000.0,,0.0,0.0,0.0,-270685000.0,101268000.0,608500000.0,,,,,,61621000.0,,25100000.0,20600000.0,3469000.0,6.06,,,,,,358629000.0,7494000.0,8.24,,,,,,173540000.0,610000.0,319164000.0,,,,,,5334000.0,,3699000.0,,,,,,,,,,,,,,,,,,853000.0,,128408000.0,,
2020-04-30,2020-06-03,10-Q,"ZSCALER, INC.",ZS,CIK0001713683,USD,9392000.0,105583000.0,,10800000.0,45305000.0,827000.0,623859000.0,,,28704000.0,,,27770000.0,,,,600000.0,,,735964000.0,552116000.0,1156000.0,213000.0,265779000.0,155408000.0,156154000.0,266722000.0,,,,,,,,,,,6248000.0,84340000.0,26316000.0,58024000.0,124592000.0,,,124592000.0,,,,0.001,1000000.0,130347.0,130347.0,130000.0,,-19001000.0,,,274726000.0,26065000.0,,,,,24579000.0,,,,,,,,,,,,,,,,,,8000000.0,2000.0,52533000.0,211000.0,60533000.0,213000.0,,,,,,,,,,,,,,,,,,,,,,,,,,-0.15,,,,,,,,,,,,,34215000.0,1000000.0,278100000.0,,2970000.0,524000.0,,817000.0,721000.0,2156000.0,2660000.0,3268000.0,13116000.0,10146000.0,3500000.0,,14615000.0,13350000.0,,,85945000.0,,,-18916000.0,,,421000.0,,,,,,,,,,,0.0,,,1528000.0,,,,1528000.0,,4941000.0,,45309000.0,7262000.0,,3697000.0,4859000.0,11738000.0,14575000.0,3178000.0,4461000.0,401170000.0,735964000.0,345638000.0,,,,,,,-19337000.0,,,70000.0,,,,,106459000.0,-20514000.0,3497000.0,40848000.0,12939000.0,27909000.0,300000.0,35128000.0,,,,,,,,,,,3903000.0,,,,,,,,,0.0,0.0,0.0,,336000.0,336000.0,1558000.0,,70000.0,0.0,,,,,,,,,,,,,,,,,28903000.0,,,,,,,,,,,,108602000.0,63297000.0,6900000.0,,,,,,24117000.0,,0.0,,,-290022000.0,110524000.0,653500000.0,,,,,,67727000.0,,25100000.0,19700000.0,3346000.0,6.37,,,,,,383966000.0,6549000.0,8.45,,,,,,203145000.0,686000.0,334794000.0,,,,,,,,5796000.0,,,63000.0,,,,,,,,,,,,,,,821000.0,,129682000.0,,
2020-07-31,2020-09-17,10-K,"ZSCALER, INC.",ZS,CIK0001713683,USD,5233000.0,147584000.0,-50000.0,21000000.0,50628000.0,463000.0,823804000.0,273364000.0,,125675000.0,,11800000.0,121395000.0,4638000.0,247000.0,4885000.0,3384000.0,14554000.0,746000.0,1833458000.0,1581793000.0,907000.0,328000.0,1228143000.0,621952000.0,622392000.0,1228722000.0,,,,,,,,,1400000.0,13200000.0,24922000.0,109915000.0,32240000.0,77675000.0,141851000.0,106683000.0,,141851000.0,63367000.0,106684000.0,34377000.0,0.001,1000000000.0,132817000.0,132817000.0,133000.0,,-114921000.0,,369800000.0,337263000.0,32504000.0,220900000.0,0.0,861615000.0,,95733000.0,,0.0,4013000.0,4058000.0,45000.0,1150000000.0,,,,7600000.0,,,,,,,273829000.0,5502000.0,1000.0,794415000.0,327000.0,799917000.0,328000.0,-864000.0,,-563000.0,-1670000.0,97131000.0,-243000.0,27123000.0,227846000.0,479000.0,97610000.0,149430000.0,33000.0,1002000.0,23573000.0,14218000.0,3896000.0,130236000.0,24727000.0,4224000.0,6978000.0,131000.0,2000000.0,,,-0.89,-0.89,-0.89,-0.021,0.21,-0.65,0.0,0.0,-0.002,,-0.005,0.37,0.002,-0.068,49444000.0,4400000.0,508500000.0,2000000.0,4292000.0,,6308000.0,,3059000.0,3761000.0,5196000.0,5700000.0,28316000.0,24024000.0,18700000.0,300000.0,73632000.0,30059000.0,22580000.0,,335536000.0,700000.0,-123085000.0,-112728000.0,10357000.0,-112728000.0,2388000.0,2525000.0,862000.0,54222000.0,2292000.0,65052000.0,118017000.0,1172000.0,27900000.0,13580000.0,,5025000.0,5025000.0,140000.0,,0.0,,3800000.0,6477000.0,,19002000.0,,47347000.0,3903000.0,17062000.0,3362000.0,3702000.0,5764000.0,13554000.0,,3724000.0,1348629000.0,1833458000.0,423901000.0,861615000.0,1307500000.0,,1022212000.0,-1038162000.0,79317000.0,-115116000.0,-115116000.0,111853000.0,,,,1.0,1.0,449492000.0,-113956000.0,13602000.0,43623000.0,15600000.0,28023000.0,7604000.0,36119000.0,13555000.0,,,,,,,,,,8054000.0,,,,,,,,,0.0,0.0,0.0,,195000.0,195000.0,2586000.0,-321000.0,-224000.0,0.0,0.0,,0.0,0.0,1255629000.0,,39601000.0,0.0,2000000.0,43072000.0,8737000.0,0.001,200000000.0,0.0,0.0,0.0,31396000.0,1130522000.0,0.0,,,15333000.0,,289785000.0,,,21092000.0,21602000.0,126362000.0,75734000.0,20000000.0,,,,,,97879000.0,,,0.0,0.0,-339571000.0,431269000.0,782800000.0,,31673000.0,,,,277981000.0,121395000.0,,16600000.0,2546000.0,6.46,242400000.0,386000.0,8.31,150000.0,22.76,625904000.0,5175000.0,8.9,18.76,6.26,49.59,,,314111000.0,2303000.0,484829000.0,,463000.0,,3450000.0,,15333000.0,,21602000.0,,,126000.0,,0.0,0.0,,,,,0.0,,10509000.0,,4471000.0,1611000.0,26504000.0,3223000.0,129323000.0,129323000.0,129323000.0,
2020-10-31,2020-12-08,10-Q,"ZSCALER, INC.",ZS,CIK0001713683,USD,7663000.0,105942000.0,-2605000.0,9000000.0,54226000.0,-267000.0,886815000.0,,,58423000.0,,,57185000.0,12049000.0,641000.0,12690000.0,1577000.0,13760000.0,416000.0,1852947000.0,1579525000.0,499000.0,650000.0,1314089000.0,740385000.0,740633000.0,1313938000.0,,,,,,,,,,,8678000.0,119279000.0,35589000.0,83690000.0,102016000.0,,,102016000.0,-39835000.0,,,0.001,1000000000.0,134163000.0,134163000.0,134000.0,,-55736000.0,,,340035000.0,31865000.0,127600000.0,,874359000.0,,31727000.0,,,,,,1150000000.0,,150.8,,7600000.0,,,,,,,261780000.0,4003000.0,1000.0,839650000.0,649000.0,843653000.0,650000.0,,13861000.0,,,,,,,,,,,,,,,,,,,,,,,-0.41,-0.41,-0.41,,,,,,,,,,,,37097000.0,1500000.0,524800000.0,,5869000.0,,5700000.0,4732000.0,,3058000.0,3761000.0,5196000.0,28316000.0,22447000.0,0.0,,20859000.0,30059000.0,,,110851000.0,,,-54508000.0,,,498000.0,1496000.0,76000.0,-41634000.0,-1243000.0,18042000.0,2133000.0,520000.0,-12347000.0,-7883000.0,,13049000.0,13049000.0,359000.0,,,,3500000.0,940000.0,,,,,,,,,,,,,1360842000.0,1852947000.0,416462000.0,874359000.0,1338500000.0,,4519000.0,-97886000.0,53532000.0,-55006000.0,,,,,,,,153518000.0,-42667000.0,,,17796000.0,35266000.0,4821000.0,45586000.0,4513000.0,,,,,,,,,,7664000.0,,,,,,,,,0.0,0.0,0.0,,-730000.0,-730000.0,2890000.0,-29000.0,268000.0,0.0,0.0,,,,174663000.0,,,,,8904000.0,2401000.0,,,,,,22040000.0,,,,,,,76582000.0,,,11500000.0,4519000.0,138202000.0,83976000.0,,,,,,,35770000.0,,0.0,,,-394577000.0,142578000.0,864000000.0,,13787000.0,,,,96889000.0,57185000.0,,22600000.0,2415000.0,7.44,91400000.0,10000.0,8.64,0.0,,566049000.0,4475000.0,9.27,,6.55,0.0,,,309854000.0,,492105000.0,,,,690000.0,,,,4519000.0,,,,,,,,,,,,,,,,,,,133452000.0,133452000.0,133452000.0,
2021-01-31,2021-03-04,10-Q,"ZSCALER, INC.",ZS,CIK0001713683,USD,13170000.0,170412000.0,,13500000.0,61341000.0,472000.0,964214000.0,,,62089000.0,,,61380000.0,12232000.0,650000.0,,1600000.0,,,1969417000.0,1678649000.0,440000.0,203000.0,1349165000.0,766043000.0,766266000.0,1349402000.0,,,,,,,,,,,9445000.0,134946000.0,39902000.0,95044000.0,95347000.0,,,95347000.0,,,,0.001,1000000000.0,135858000.0,135858000.0,136000.0,,-66802000.0,,,406184000.0,40633000.0,,,887186000.0,,34135000.0,,,,,,1150000000.0,,150.8,,,,30.0,1.3,20.0,,,249548000.0,7002000.0,0.0,500290000.0,203000.0,507292000.0,203000.0,,13266000.0,,,,,,,,,,,,,,,,,,,,,,41000000.0,-0.5,-0.5,-0.5,,,,,,,,,,,,47861000.0,1100000.0,547800000.0,,7445000.0,,5700000.0,3156000.0,,3058000.0,3761000.0,5196000.0,28316000.0,20871000.0,,,24653000.0,30059000.0,,,122909000.0,,,-65870000.0,,,1671000.0,,,,,,,,,,,13245000.0,13245000.0,363000.0,,,,4100000.0,755000.0,,,,,,,,,,,,,1466713000.0,1969417000.0,501575000.0,887186000.0,1713500000.0,,,,,-67541000.0,,,,,,,,176807000.0,-53898000.0,,,20152000.0,33829000.0,,45942000.0,,,,,,,,,,,8325000.0,,,,,,,,,351000.0,423000.0,72000.0,,739000.0,388000.0,3490000.0,,518000.0,0.0,,,,,,,,,,,,,,,,,23586000.0,,,,,,,,,,,,151868000.0,90527000.0,,,,,,,41751000.0,,0.0,,,-462118000.0,157044000.0,1024800000.0,,,,,,110403000.0,,,22300000.0,2086000.0,7.43,,,,,,690975000.0,3632000.0,9.47,,,,,,401013000.0,,502704000.0,,,,,,8563000.0,,6726000.0,,,,,,,,,,,,,,,,,,,135024000.0,135024000.0,135024000.0,
2021-04-30,2021-06-03,10-Q,"ZSCALER, INC.",ZS,CIK0001713683,USD,20172000.0,164923000.0,,19100000.0,69129000.0,659000.0,1027888000.0,,,61010000.0,,,59973000.0,12416000.0,660000.0,,1600000.0,,,2062276000.0,1705501000.0,284000.0,362000.0,1361097000.0,841863000.0,842057000.0,1361019000.0,400000.0,,,,,,,,,,10454000.0,152468000.0,44541000.0,107927000.0,106590000.0,,,106590000.0,,,,0.001,1000000000.0,136895000.0,136895000.0,137000.0,,-58272000.0,,,445835000.0,49599000.0,,,900263000.0,,38977000.0,,,,,,1150000000.0,,150.8,,,,,,,,,237132000.0,4000000.0,0.0,641487000.0,362000.0,645487000.0,362000.0,,12605000.0,,,,,,,,,,,,,,,,,,,,,,,,-0.43,,,,,,,,,,,,,61276000.0,1500000.0,734700000.0,4900000.0,9021000.0,,7138000.0,1937000.0,,4498000.0,5201000.0,6641000.0,35516000.0,26495000.0,,,24595000.0,,,,137427000.0,,,-56622000.0,,,1837000.0,,,,,,,,,,,13436000.0,13436000.0,360000.0,,,,3700000.0,593000.0,,,,,,,,,,,,,1554169000.0,2062276000.0,564879000.0,900263000.0,1587000000.0,,,,,-58459000.0,,,,,,,,181277000.0,-43850000.0,,,20974000.0,35472000.0,,49727000.0,,,,,,,,,,,12523000.0,,,,,,,,,503000.0,572000.0,69000.0,,187000.0,-316000.0,3956000.0,,71000.0,0.0,,,,,,,,,2900000.0,,,,,,,,28428000.0,,,,,,,,,,,,175941000.0,106812000.0,,,,,,,40952000.0,,0.0,,,-520577000.0,176404000.0,1207600000.0,,,,,,115730000.0,,,21500000.0,2073000.0,7.94,,,,,,566188000.0,3184000.0,9.85,,,,,,372536000.0,,508107000.0,,,,,,,,2665000.0,,,,,,,,,,,,,,,,,,,,136385000.0,,
2021-07-31,2021-09-16,10-K,"ZSCALER, INC.",ZS,CIK0001713683,USD,12547000.0,257109000.0,-11715000.0,46700000.0,77217000.0,-650000.0,1131006000.0,,,263190000.0,,11800000.0,258535000.0,49302000.0,2621000.0,51923000.0,6795000.0,18569000.0,416000.0,2257631000.0,1848303000.0,255000.0,163000.0,1226562000.0,800659000.0,800793000.0,1226654000.0,,,,,,,,,5900000.0,16500000.0,40558000.0,207030000.0,57373000.0,149657000.0,275898000.0,178336000.0,,275898000.0,134047000.0,178336000.0,44048000.0,0.001,1000000000.0,138662000.0,138662000.0,139000.0,,-263142000.0,,630600000.0,571286000.0,59315000.0,335500000.0,,913538000.0,,150317000.0,,0.0,7104000.0,7230000.0,126000.0,1150000000.0,,150.8,,,7600000.0,30.0,1.3,20.0,,,224527000.0,0.0,0.0,568898000.0,163000.0,568898000.0,163000.0,-349000.0,11935000.0,-2027000.0,-2379000.0,112712000.0,-3000.0,33028000.0,459168000.0,700000.0,113412000.0,341777000.0,742000.0,1273000.0,42225000.0,21849000.0,7769000.0,345756000.0,46709000.0,6341000.0,9069000.0,0.0,,,,-1.93,-1.93,-1.93,-0.019,0.21,-0.706,,0.004,-0.001,,0.0,0.439,0.0,-0.041,93622000.0,6300000.0,729200000.0,5100000.0,11087000.0,,8678000.0,,2491000.0,6038000.0,6741000.0,8181000.0,43216000.0,32129000.0,14900000.0,,96535000.0,58977000.0,28918000.0,,522783000.0,400000.0,-275189000.0,-257178000.0,18011000.0,-257178000.0,4851000.0,4144000.0,7451000.0,111605000.0,6532000.0,137673000.0,262425000.0,2406000.0,43877000.0,3388000.0,,53364000.0,53364000.0,1441000.0,,1462000.0,,3900000.0,2812000.0,,29404000.0,,54239000.0,840000.0,21167000.0,5015000.0,4994000.0,8184000.0,14039000.0,,3172000.0,1728736000.0,2257631000.0,720205000.0,913538000.0,1931700000.0,,41675000.0,-109668000.0,202040000.0,-262029000.0,,152915000.0,,,,1.0,1.0,730595000.0,-207812000.0,20946000.0,51067000.0,19842000.0,31225000.0,22051000.0,44339000.0,20995000.0,,,,,,,,,,15650000.0,,,,,,,,,-627000.0,-228000.0,399000.0,,-1113000.0,-486000.0,4453000.0,-307000.0,1186000.0,0.0,2250000.0,,0.0,0.0,815480000.0,,40530000.0,0.0,3077000.0,48165000.0,10132000.0,0.001,200000000.0,0.0,0.0,0.0,31269000.0,0.0,,,,25704000.0,,785217000.0,,,22499000.0,18221000.0,185793000.0,108576000.0,25244000.0,10118000.0,13401000.0,1725000.0,,,174653000.0,,,,,-601600000.0,673100000.0,1553500000.0,,27627000.0,,,,459407000.0,258535000.0,,21300000.0,1777000.0,8.53,421789000.0,112000.0,8.31,0.0,,585829000.0,2597000.0,10.37,75.92,7.39,0.0,,,404151000.0,2221000.0,528895000.0,,93000.0,,2466000.0,,25704000.0,,18221000.0,,,199000.0,,,,,,,,,,18501000.0,581000.0,8573000.0,,215520000.0,6436000.0,135654000.0,135654000.0,135654000.0,
2021-10-31,2021-12-08,10-Q,"ZSCALER, INC.",ZS,CIK0001713683,USD,14961000.0,172028000.0,-2671000.0,16300000.0,86026000.0,-2764000.0,1225224000.0,,,91575000.0,,,89903000.0,12796000.0,680000.0,13476000.0,2226000.0,18290000.0,0.0,2271118000.0,1855436000.0,69000.0,1139000.0,1214016000.0,757847000.0,757830000.0,1212946000.0,,,,,,,,,,,14912000.0,216103000.0,62067000.0,154036000.0,371696000.0,278552000.0,,371696000.0,95798000.0,278554000.0,,0.001,1000000000.0,140032000.0,140032000.0,140000.0,,-92915000.0,,647800000.0,584325000.0,63491000.0,206400000.0,,927014000.0,,52169000.0,,,,,,1150000000.0,,150.8,,,7600000.0,30.0,1.3,20.0,,,211731000.0,7220000.0,12000.0,822077000.0,1127000.0,829297000.0,1139000.0,,11255000.0,,,,,,,,,,,,,,,,,,,,,,,-0.65,,-0.65,,,,,,,,,,,,72667000.0,2500000.0,,5100000.0,13313000.0,,8181000.0,6452000.0,,2491000.0,6038000.0,6741000.0,43216000.0,29903000.0,0.0,,33717000.0,58977000.0,,,178348000.0,,,-88322000.0,,,2479000.0,2479000.0,-1088000.0,-84927000.0,-192000.0,23985000.0,17381000.0,223000.0,-20955000.0,4126000.0,,13835000.0,13835000.0,359000.0,,,,3000000.0,473000.0,,,,,,,,,,,,,1740919000.0,2271118000.0,715300000.0,927014000.0,2449500000.0,,2594000.0,-67000.0,93271000.0,-90801000.0,,,,,,,,252719000.0,-74371000.0,,,20488000.0,30534000.0,5890000.0,44153000.0,6031000.0,,,,,,,,,,15614000.0,,,,,,,,,-950000.0,-1304000.0,-354000.0,,-2114000.0,-1164000.0,4580000.0,13000.0,-589000.0,,50000.0,,,,312840000.0,,,,,6454000.0,3450000.0,,,,,,36699000.0,,,,,,,322677000.0,,,0.0,2644000.0,199025000.0,112999000.0,,,,,,,65216000.0,,,,,-692401000.0,230517000.0,1705700000.0,,5426000.0,,,,153786000.0,89903000.0,,,1636000.0,9.33,100737000.0,4000.0,10.41,0.0,,679266000.0,2206000.0,10.99,,6.83,,,,506449000.0,,530199000.0,,,,387000.0,,,,2644000.0,,,,,,,,,,,,,,,,,,,139296000.0,,139296000.0,
2022-01-31,2022-03-09,10-Q,"ZSCALER, INC.",ZS,CIK0001713683,USD,13499000.0,269449000.0,,20600000.0,96462000.0,-9299000.0,1341346000.0,,,100684000.0,,,98988000.0,12990000.0,691000.0,,2200000.0,,,2422021000.0,1989165000.0,8000.0,5323000.0,1216705000.0,861066000.0,860067000.0,1211390000.0,,,,,,,,,,,16126000.0,234505000.0,69025000.0,165480000.0,409819000.0,307193000.0,,409819000.0,,307197000.0,,0.001,1000000000.0,141063000.0,141063000.0,141000.0,,-106955000.0,,759900000.0,687919000.0,72012000.0,,,940692000.0,,57783000.0,,,,,,1149998000.0,,150.8,,,,30.0,1.3,20.0,,,198741000.0,93011000.0,856000.0,932990000.0,4467000.0,1026001000.0,5323000.0,,10565000.0,,,,,,,,,,,,,,,,,,,,,,,-0.71,,-0.71,,,,,,,,,,,,83863000.0,2700000.0,,5100000.0,15544000.0,,8501000.0,4434000.0,,2812000.0,6358000.0,7061000.0,44816000.0,29272000.0,,,37444000.0,59823000.0,,,197780000.0,,,-98259000.0,,,2161000.0,,,,,,,,,,,14040000.0,14040000.0,359000.0,,,,2400000.0,557000.0,,,,,,,,,,,,,1882654000.0,2422021000.0,836042000.0,940692000.0,2054500000.0,,,,,-100420000.0,,,,,,,,281712000.0,-83932000.0,,,19665000.0,29280000.0,,42837000.0,,,,,,,,,,,14249000.0,,,,,,,,,-2288000.0,-3164000.0,-876000.0,,-6535000.0,-4247000.0,4628000.0,,-844000.0,,,,,,,,,,,,,,,,,,29482000.0,,,,,,,,,,,,217657000.0,121195000.0,,,,,,,69195000.0,,,,,-792821000.0,255563000.0,1948900000.0,,,,,,175073000.0,,,,1545000.0,9.93,,,,,,472007000.0,1921000.0,11.41,,,,,,381796000.0,,539367000.0,,,,,,11509000.0,,2227000.0,,,,,,,,,,,,,,,,,,,140515000.0,,140515000.0,
