end,filed,form,Name,Ticker,CIK,Currency,AccountsAndFinancingReceivableAllowanceForCreditLoss,AccountsPayableTradeCurrent,AccountsReceivableNetCurrent,AccrualForEnvironmentalLossContingencies,AccruedIncomeTaxesCurrent,AccruedIncomeTaxesNoncurrent,AccruedLiabilitiesCurrent,AccruedSalariesCurrent,AccumulatedDepreciationDepletionAndAmortizationPropertyPlantAndEquipment,AccumulatedOtherComprehensiveIncomeLossNetOfTax,AdditionalPaidInCapital,AdjustmentForAmortization,AllocatedShareBasedCompensationExpense,AllocatedShareBasedCompensationExpenseNetOfTax,AllowanceForDoubtfulAccountsReceivable,AllowanceForDoubtfulAccountsReceivableCurrent,AllowanceForDoubtfulAccountsReceivableWriteOffs,AmortizationOfIntangibleAssets,AntidilutiveSecuritiesExcludedFromComputationOfEarningsPerShareAmount,Assets,AssetsCurrent,AssetsOfDisposalGroupIncludingDiscontinuedOperation,AssetsOfDisposalGroupIncludingDiscontinuedOperationCurrent,BusinessAcquisitionProFormaEarningsPerShareDiluted,BusinessAcquisitionsProFormaNetIncomeLoss,BusinessAcquisitionsProFormaRevenue,BusinessCombinationAcquisitionRelatedCosts,BusinessCombinationProFormaInformationEarningsOrLossOfAcquireeSinceAcquisitionDateActual,BusinessCombinationProFormaInformationRevenueOfAcquireeSinceAcquisitionDateActual,BusinessCombinationStepAcquisitionEquityInterestInAcquireeRemeasurementGain,CapitalizedContractCostNet,CashAndCashEquivalentsAtCarryingValue,CashAndCashEquivalentsPeriodIncreaseDecrease,CashCashEquivalentsRestrictedCashAndRestrictedCashEquivalents,CashCashEquivalentsRestrictedCashAndRestrictedCashEquivalentsPeriodIncreaseDecreaseIncludingExchangeRateEffect,CashProvidedByUsedInFinancingActivitiesDiscontinuedOperations,CashProvidedByUsedInInvestingActivitiesDiscontinuedOperations,CashProvidedByUsedInOperatingActivitiesDiscontinuedOperations,CommercialPaper,CommonStockCapitalSharesReservedForFutureIssuance,CommonStockDividendsPerShareCashPaid,CommonStockParOrStatedValuePerShare,CommonStockSharesAuthorized,CommonStockSharesIssued,CommonStockSharesOutstanding,CommonStockValue,ComprehensiveIncomeNetOfTaxIncludingPortionAttributableToNoncontrollingInterest,ContractWithCustomerAssetNetCurrent,ContractWithCustomerLiability,ContractWithCustomerLiabilityCurrent,ContractWithCustomerLiabilityNoncurrent,ContractWithCustomerLiabilityRevenueRecognized,CostOfGoodsAndServicesSold,CumulativeEffectOfNewAccountingPrincipleInPeriodOfAdoption,CurrentFederalTaxExpenseBenefit,CurrentForeignTaxExpenseBenefit,CurrentStateAndLocalTaxExpenseBenefit,DebtInstrumentCarryingAmount,DebtInstrumentInterestRateStatedPercentage,DebtInstrumentUnamortizedDiscountPremiumAndDebtIssuanceCostsNet,DeferredCompensationLiabilityClassifiedNoncurrent,DeferredCompensationLiabilityCurrentAndNoncurrent,DeferredFederalIncomeTaxExpenseBenefit,DeferredForeignIncomeTaxExpenseBenefit,DeferredIncomeTaxLiabilities,DeferredRevenueCurrent,DeferredRevenueNoncurrent,DeferredStateAndLocalIncomeTaxExpenseBenefit,DeferredTaxAssetsDeferredIncome,DeferredTaxAssetsInventory,DeferredTaxAssetsNet,DeferredTaxAssetsOperatingLossCarryforwards,DeferredTaxAssetsOther,DeferredTaxAssetsTaxDeferredExpenseCompensationAndBenefitsPensions,DeferredTaxAssetsTaxDeferredExpenseCompensationAndBenefitsShareBasedCompensationCost,DeferredTaxAssetsTaxDeferredExpenseReservesAndAccrualsAllowanceForDoubtfulAccounts,DeferredTaxAssetsTaxDeferredExpenseReservesAndAccrualsOther,DeferredTaxAssetsTaxDeferredExpenseReservesAndAccrualsWarrantyReserves,DeferredTaxAssetsValuationAllowance,DeferredTaxLiabilities,DeferredTaxLiabilitiesDeferredExpenseReservesAndAccruals,DeferredTaxLiabilitiesGoodwillAndIntangibleAssets,DeferredTaxLiabilitiesLeasingArrangements,DeferredTaxLiabilitiesOther,DeferredTaxLiabilitiesPropertyPlantAndEquipment,DefinedBenefitPensionPlanLiabilitiesCurrent,DefinedBenefitPensionPlanLiabilitiesNoncurrent,DefinedBenefitPlanAccumulatedOtherComprehensiveIncomeNetGainsLossesAfterTax,DefinedBenefitPlanAccumulatedOtherComprehensiveIncomeNetGainsLossesBeforeTax,DefinedBenefitPlanAccumulatedOtherComprehensiveIncomeNetPriorServiceCostCreditAfterTax,DefinedBenefitPlanAccumulatedOtherComprehensiveIncomeNetPriorServiceCostCreditBeforeTax,DefinedBenefitPlanExpectedAmortizationOfGainLossNextFiscalYear,DefinedContributionPlanCostRecognized,Depreciation,DepreciationDepletionAndAmortization,DilutiveSecurities,DilutiveSecuritiesEffectOnBasicEarningsPerShareOther,DiscontinuedOperationIncomeLossFromDiscontinuedOperationBeforeIncomeTax,DiscontinuedOperationProvisionForLossGainOnDisposalBeforeIncomeTax,DiscontinuedOperationTaxEffectOfDiscontinuedOperation,DisposalGroupIncludingDiscontinuedOperationAccountsNotesAndLoansReceivableNet,DisposalGroupIncludingDiscontinuedOperationAccountsPayableCurrent,DisposalGroupIncludingDiscontinuedOperationAccruedLiabilitiesCurrent,DisposalGroupIncludingDiscontinuedOperationAssetsNoncurrent,DisposalGroupIncludingDiscontinuedOperationCostsOfGoodsSold,DisposalGroupIncludingDiscontinuedOperationGeneralAndAdministrativeExpense,DisposalGroupIncludingDiscontinuedOperationGoodwillNoncurrent,DisposalGroupIncludingDiscontinuedOperationIntangibleAssetsNoncurrent,DisposalGroupIncludingDiscontinuedOperationInterestExpense,DisposalGroupIncludingDiscontinuedOperationInventoryCurrent,DisposalGroupIncludingDiscontinuedOperationOtherCurrentAssets,DisposalGroupIncludingDiscontinuedOperationOtherNoncurrentAssets,DisposalGroupIncludingDiscontinuedOperationOtherNoncurrentLiabilities,DisposalGroupIncludingDiscontinuedOperationPropertyPlantAndEquipmentNoncurrent,DisposalGroupIncludingDiscontinuedOperationRevenue,DisposalGroupNotDiscontinuedOperationGainLossOnDisposal,DividendsCommonStockCash,DividendsPreferredStockCash,DueToAffiliateCurrent,EarningsPerShareBasic,EarningsPerShareBasicAndDiluted,EarningsPerShareDiluted,EffectiveIncomeTaxRateContinuingOperations,EffectiveIncomeTaxRateReconciliationAtFederalStatutoryIncomeTaxRate,EffectiveIncomeTaxRateReconciliationChangeInDeferredTaxAssetsValuationAllowance,EffectiveIncomeTaxRateReconciliationChangeInEnactedTaxRate,EffectiveIncomeTaxRateReconciliationForeignIncomeTaxRateDifferential,EffectiveIncomeTaxRateReconciliationNondeductibleExpenseShareBasedCompensationCost,EffectiveIncomeTaxRateReconciliationOtherAdjustments,EffectiveIncomeTaxRateReconciliationRepatriationOfForeignEarnings,EffectiveIncomeTaxRateReconciliationStateAndLocalIncomeTaxes,EffectOfExchangeRateOnCashAndCashEquivalents,EffectOfExchangeRateOnCashCashEquivalentsRestrictedCashAndRestrictedCashEquivalents,EmployeeServiceShareBasedCompensationCashReceivedFromExerciseOfStockOptions,EmployeeServiceShareBasedCompensationNonvestedAwardsTotalCompensationCostNotYetRecognized,EmployeeServiceShareBasedCompensationTaxBenefitFromCompensationExpense,EmployeeServiceShareBasedCompensationTaxBenefitFromExerciseOfStockOptions,EmployeeServiceShareBasedCompensationTaxBenefitRealizedFromExerciseOfStockOptions,EquitySecuritiesFvNi,EquitySecuritiesFvNiRealizedGain,EquitySecuritiesFvNiUnrealizedGainLoss,ExcessTaxBenefitFromShareBasedCompensationOperatingActivities,FiniteLivedIntangibleAssetsAccumulatedAmortization,FiniteLivedIntangibleAssetsAmortizationExpenseNextTwelveMonths,FiniteLivedIntangibleAssetsAmortizationExpenseYearFive,FiniteLivedIntangibleAssetsAmortizationExpenseYearFour,FiniteLivedIntangibleAssetsAmortizationExpenseYearThree,FiniteLivedIntangibleAssetsAmortizationExpenseYearTwo,FiniteLivedIntangibleAssetsGross,ForeignEarningsRepatriated,GainLossOnSaleOfBusiness,GainLossOnSaleOfOtherAssets,GainLossOnSaleOfProperties,GainLossRelatedToLitigationSettlement,GainsLossesOnExtinguishmentOfDebt,Goodwill,GoodwillAcquiredDuringPeriod,GoodwillForeignCurrencyTranslationGainLoss,GoodwillImpairmentLoss,GoodwillPurchaseAccountingAdjustments,GoodwillWrittenOffRelatedToSaleOfBusinessUnit,GrossProfit,GuaranteeObligationsCurrentCarryingValue,ImpairmentOfIntangibleAssetsIndefinitelivedExcludingGoodwill,IncomeLossFromContinuingOperations,IncomeLossFromContinuingOperationsBeforeIncomeTaxesDomestic,IncomeLossFromContinuingOperationsBeforeIncomeTaxesExtraordinaryItemsNoncontrollingInterest,IncomeLossFromContinuingOperationsBeforeIncomeTaxesForeign,IncomeLossFromContinuingOperationsIncludingPortionAttributableToNoncontrollingInterest,IncomeLossFromContinuingOperationsPerBasicShare,IncomeLossFromContinuingOperationsPerDilutedShare,IncomeLossFromDiscontinuedOperationsNetOfTax,IncomeLossFromDiscontinuedOperationsNetOfTaxPerBasicShare,IncomeLossFromDiscontinuedOperationsNetOfTaxPerDilutedShare,IncomeTaxExpenseBenefit,IncomeTaxesPaid,IncreaseDecreaseInAccountsPayable,IncreaseDecreaseInAccountsReceivable,IncreaseDecreaseInAccruedLiabilities,IncreaseDecreaseInDeferredIncomeTaxes,IncreaseDecreaseInDueToAffiliatesCurrent,IncreaseDecreaseInInventories,IncreaseDecreaseInPrepaidDeferredExpenseAndOtherAssets,IncrementalCommonSharesAttributableToConversionOfPreferredStock,IncrementalCommonSharesAttributableToShareBasedPaymentArrangements,IntangibleAssetsGrossExcludingGoodwill,IntangibleAssetsNetExcludingGoodwill,InterestCostsCapitalized,InterestExpense,InterestPaid,InventoryFinishedGoodsNetOfReserves,InventoryNet,InventoryRawMaterialsNetOfReserves,InventoryWorkInProcessNetOfReserves,LeaseAndRentalExpense,LesseeOperatingLeaseLiabilityPaymentsDue,LesseeOperatingLeaseLiabilityPaymentsDueAfterYearFive,LesseeOperatingLeaseLiabilityPaymentsDueNextTwelveMonths,LesseeOperatingLeaseLiabilityPaymentsDueYearFive,LesseeOperatingLeaseLiabilityPaymentsDueYearFour,LesseeOperatingLeaseLiabilityPaymentsDueYearThree,LesseeOperatingLeaseLiabilityPaymentsDueYearTwo,LesseeOperatingLeaseLiabilityPaymentsRemainderOfFiscalYear,LesseeOperatingLeaseLiabilityUndiscountedExcessAmount,LiabilitiesAndStockholdersEquity,LiabilitiesCurrent,LiabilitiesOfDisposalGroupIncludingDiscontinuedOperation,LiabilitiesOfDisposalGroupIncludingDiscontinuedOperationCurrent,LiabilitiesOfDisposalGroupIncludingDiscontinuedOperationNoncurrent,LongTermDebt,LongTermDebtCurrent,LongTermDebtFairValue,LongTermDebtMaturitiesRepaymentsOfPrincipalAfterYearFive,LongTermDebtMaturitiesRepaymentsOfPrincipalInNextTwelveMonths,LongTermDebtMaturitiesRepaymentsOfPrincipalInRollingAfterYearFive,LongTermDebtMaturitiesRepaymentsOfPrincipalInRollingYearFive,LongTermDebtMaturitiesRepaymentsOfPrincipalInRollingYearFour,LongTermDebtMaturitiesRepaymentsOfPrincipalInRollingYearThree,LongTermDebtMaturitiesRepaymentsOfPrincipalInYearFive,LongTermDebtMaturitiesRepaymentsOfPrincipalInYearFour,LongTermDebtMaturitiesRepaymentsOfPrincipalInYearThree,LongTermDebtMaturitiesRepaymentsOfPrincipalInYearTwo,LongTermDebtNoncurrent,MinorityInterest,NetCashProvidedByUsedInFinancingActivities,NetCashProvidedByUsedInFinancingActivitiesContinuingOperations,NetCashProvidedByUsedInInvestingActivities,NetCashProvidedByUsedInInvestingActivitiesContinuingOperations,NetCashProvidedByUsedInOperatingActivities,NetCashProvidedByUsedInOperatingActivitiesContinuingOperations,NetIncomeLossAvailableToCommonStockholdersBasic,NetIncomeLossAvailableToCommonStockholdersDiluted,NetIncomeLossFromContinuingOperationsAvailableToCommonShareholdersBasic,NetIncomeLossFromContinuingOperationsAvailableToCommonShareholdersDiluted,NewAccountingPronouncementOrChangeInAccountingPrincipleEffectOfAdoptionQuantification,NoncurrentAssets,NotesReceivableNet,NumberOfBusinessesAcquired,NumberOfCountriesInWhichEntityOperates,NumberOfOperatingSegments,NumberOfOperatingSegments,NumberOfOperatingSegments,NumberOfReportableSegments,NumberOfReportingUnits,NumberOfReportingUnits,OperatingIncomeLoss,OperatingLeaseCost,OperatingLeaseLiability,OperatingLeaseLiabilityCurrent,OperatingLeaseLiabilityNoncurrent,OperatingLeasePayments,OperatingLeaseRightOfUseAsset,OperatingLeasesFutureMinimumPaymentsDue,OperatingLeasesFutureMinimumPaymentsDueCurrent,OperatingLeasesFutureMinimumPaymentsDueInFiveYears,OperatingLeasesFutureMinimumPaymentsDueInFourYears,OperatingLeasesFutureMinimumPaymentsDueInThreeYears,OperatingLeasesFutureMinimumPaymentsDueInTwoYears,OperatingLeasesFutureMinimumPaymentsDueThereafter,OperatingLeasesRentExpenseNet,OperatingLeaseWeightedAverageDiscountRatePercent,OperatingLossCarryforwards,OperatingLossCarryforwardsValuationAllowance,OtherAccruedLiabilitiesCurrent,OtherAccruedLiabilitiesNoncurrent,OtherAssetsNoncurrent,OtherComprehensiveIncomeLossBeforeReclassificationsBeforeTax,OtherComprehensiveIncomeLossBeforeReclassificationsNetOfTax,OtherComprehensiveIncomeLossBeforeReclassificationsTax,OtherComprehensiveIncomeLossCashFlowHedgeGainLossAfterReclassificationAndTax,OtherComprehensiveIncomeLossForeignCurrencyTransactionAndTranslationAdjustmentNetOfTax,OtherComprehensiveIncomeLossNetOfTax,OtherComprehensiveIncomeLossPensionAndOtherPostretirementBenefitPlansAdjustmentNetOfTax,OtherComprehensiveIncomeUnrealizedGainLossOnDerivativesArisingDuringPeriodNetOfTax,OtherLiabilitiesNoncurrent,OtherNonoperatingExpense,OtherNonoperatingIncomeExpense,PaymentsForProceedsFromOtherInvestingActivities,PaymentsForRestructuring,PaymentsOfDebtIssuanceCosts,PaymentsOfDividends,PaymentsOfDividendsCommonStock,PaymentsOfDividendsPreferredStockAndPreferenceStock,PaymentsOfStockIssuanceCosts,PaymentsRelatedToTaxWithholdingForShareBasedCompensation,PaymentsToAcquireBusinessesNetOfCashAcquired,PaymentsToAcquirePropertyPlantAndEquipment,PreferredStockConvertibleConversionRatio,PreferredStockDividendRatePercentage,PreferredStockDividendsIncomeStatementImpact,PreferredStockDividendsPerShareCashPaid,PreferredStockLiquidationPreference,PreferredStockParOrStatedValuePerShare,PreferredStockSharesAuthorized,PreferredStockSharesIssued,PreferredStockSharesOutstanding,PreferredStockValue,PrepaidExpenseAndOtherAssetsCurrent,ProceedsFromDebtMaturingInMoreThanThreeMonths,ProceedsFromDebtNetOfIssuanceCosts,ProceedsFromDivestitureOfBusinesses,ProceedsFromIssuanceOfConvertiblePreferredStock,ProceedsFromIssuanceOfLongTermDebt,ProceedsFromIssuanceOfPreferredStockAndPreferenceStock,ProceedsFromPaymentsForOtherFinancingActivities,ProceedsFromRepaymentsOfCommercialPaper,ProceedsFromRepaymentsOfShortTermDebtMaturingInThreeMonthsOrLess,ProceedsFromSaleOfOtherAssetsInvestingActivities,ProceedsFromStockOptionsExercised,ProductWarrantyAccrual,ProductWarrantyAccrualAdditionsFromBusinessAcquisition,ProductWarrantyAccrualClassifiedCurrent,ProductWarrantyAccrualNoncurrent,ProductWarrantyAccrualPayments,ProductWarrantyAccrualWarrantiesIssued,ProfitLoss,PropertyPlantAndEquipmentGross,PropertyPlantAndEquipmentNet,ProvisionForDoubtfulAccounts,PurchaseObligation,PurchaseObligationDueInNextTwelveMonths,ReclassificationFromAccumulatedOtherComprehensiveIncomeCurrentPeriodBeforeTax,ReclassificationFromAccumulatedOtherComprehensiveIncomeCurrentPeriodNetOfTax,ReclassificationFromAociCurrentPeriodTax,RelatedPartyTransactionExpensesFromTransactionsWithRelatedParty,RelatedPartyTransactionPurchasesFromRelatedParty,RepaymentsOfCommercialPaper,RepaymentsOfDebt,RepaymentsOfDebtMaturingInMoreThanThreeMonths,RepaymentsOfLongTermDebt,ResearchAndDevelopmentExpense,RestructuringCharges,RestructuringReserve,RestructuringSettlementAndImpairmentProvisions,RetainedEarningsAccumulatedDeficit,RevenueFromContractWithCustomerExcludingAssessedTax,RevenueFromRelatedParties,RevenueRemainingPerformanceObligation,RevenueRemainingPerformanceObligationPercentage,Revenues,RightOfUseAssetObtainedInExchangeForOperatingLeaseLiability,SalesRevenueNet,SellingGeneralAndAdministrativeExpense,ShareBasedCompensation,ShareBasedCompensationArrangementByShareBasedPaymentAwardEquityInstrumentsOtherThanOptionsForfeitedInPeriod,ShareBasedCompensationArrangementByShareBasedPaymentAwardEquityInstrumentsOtherThanOptionsForfeituresWeightedAverageGrantDateFairValue,ShareBasedCompensationArrangementByShareBasedPaymentAwardEquityInstrumentsOtherThanOptionsGrantsInPeriod,ShareBasedCompensationArrangementByShareBasedPaymentAwardEquityInstrumentsOtherThanOptionsGrantsInPeriodWeightedAverageGrantDateFairValue,ShareBasedCompensationArrangementByShareBasedPaymentAwardEquityInstrumentsOtherThanOptionsNonvestedNumber,ShareBasedCompensationArrangementByShareBasedPaymentAwardEquityInstrumentsOtherThanOptionsNonvestedWeightedAverageGrantDateFairValue,ShareBasedCompensationArrangementByShareBasedPaymentAwardEquityInstrumentsOtherThanOptionsVestedInPeriod,ShareBasedCompensationArrangementByShareBasedPaymentAwardEquityInstrumentsOtherThanOptionsVestedInPeriodWeightedAverageGrantDateFairValue,ShareBasedCompensationArrangementByShareBasedPaymentAwardNumberOfSharesAuthorized,ShareBasedCompensationArrangementByShareBasedPaymentAwardOptionsExercisableNumber,ShareBasedCompensationArrangementByShareBasedPaymentAwardOptionsExercisableWeightedAverageExercisePrice,ShareBasedCompensationArrangementByShareBasedPaymentAwardOptionsExercisesInPeriodTotalIntrinsicValue,ShareBasedCompensationArrangementByShareBasedPaymentAwardOptionsForfeituresAndExpirationsInPeriod,ShareBasedCompensationArrangementByShareBasedPaymentAwardOptionsForfeituresAndExpirationsInPeriodWeightedAverageExercisePrice,ShareBasedCompensationArrangementByShareBasedPaymentAwardOptionsGrantsInPeriodGross,ShareBasedCompensationArrangementByShareBasedPaymentAwardOptionsOtherIncreasesDecreasesInPeriod,ShareBasedCompensationArrangementByShareBasedPaymentAwardOptionsOutstandingIntrinsicValue,ShareBasedCompensationArrangementByShareBasedPaymentAwardOptionsOutstandingNumber,ShareBasedCompensationArrangementByShareBasedPaymentAwardOptionsOutstandingWeightedAverageExercisePrice,ShareBasedCompensationArrangementByShareBasedPaymentAwardOptionsVestedAndExpectedToVestExercisableAggregateIntrinsicValue,ShareBasedCompensationArrangementByShareBasedPaymentAwardOptionsVestedAndExpectedToVestExercisableNumber,ShareBasedCompensationArrangementByShareBasedPaymentAwardOptionsVestedAndExpectedToVestExercisableWeightedAverageExercisePrice,ShareBasedCompensationArrangementByShareBasedPaymentAwardOptionsVestedAndExpectedToVestOutstandingAggregateIntrinsicValue,ShareBasedCompensationArrangementByShareBasedPaymentAwardOptionsVestedAndExpectedToVestOutstandingNumber,ShareBasedCompensationArrangementByShareBasedPaymentAwardOptionsVestedAndExpectedToVestOutstandingWeightedAverageExercisePrice,ShareBasedCompensationArrangementsByShareBasedPaymentAwardOptionsExercisesInPeriodWeightedAverageExercisePrice,ShareBasedCompensationArrangementsByShareBasedPaymentAwardOptionsGrantsInPeriodWeightedAverageExercisePrice,ShareBasedCompensationArrangementsByShareBasedPaymentAwardOptionsOtherShareIncreaseDecreaseInPeriodWeightedAverageExercisePrice,ShareBasedCompensationSharesAuthorizedUnderStockOptionPlansExercisePriceRangeNumberOfExercisableOptions,ShareBasedCompensationSharesAuthorizedUnderStockOptionPlansExercisePriceRangeNumberOfOutstandingOptions,SharebasedCompensationArrangementBySharebasedPaymentAwardEquityInstrumentsOtherThanOptionsAggregateIntrinsicValueOutstanding,SharebasedCompensationArrangementBySharebasedPaymentAwardOptionsExercisableIntrinsicValue1,SharebasedCompensationSharesAuthorizedUnderStockOptionPlansExercisePriceRangeOutstandingOptionsWeightedAverageExercisePriceBeginningBalance1,SharePrice,SharesPaidForTaxWithholdingForShareBasedCompensation,ShorttermDebtFairValue,StandardAndExtendedProductWarrantyAccrualForeignCurrencyTranslationGainLoss,StandardProductWarrantyAccrual,StandardProductWarrantyAccrualForeignCurrencyTranslationGainLoss,StandardProductWarrantyAccrualPayments,StandardProductWarrantyAccrualWarrantiesIssued,StockholdersEquity,StockholdersEquityIncludingPortionAttributableToNoncontrollingInterest,StockIssuedDuringPeriodSharesStockOptionsExercised,TaxCreditCarryforwardAmount,TaxCreditCarryforwardValuationAllowance,TaxCutsAndJobsActOf2017IncompleteAccountingChangeInTaxRateProvisionalIncomeTaxExpenseBenefit,TaxCutsAndJobsActOf2017IncompleteAccountingTransitionTaxForAccumulatedForeignEarningsProvisionalIncomeTaxExpense,TaxCutsAndJobsActOf2017IncompleteAccountingTransitionTaxForAccumulatedForeignEarningsProvisionalLiability,TranslationAdjustmentForNetInvestmentHedgeIncreaseDecreaseNetOfTax,UndistributedEarningsOfForeignSubsidiaries,UnrecognizedTaxBenefits,UnrecognizedTaxBenefitsDecreasesResultingFromForeignCurrencyTranslation,UnrecognizedTaxBenefitsDecreasesResultingFromPriorPeriodTaxPositions,UnrecognizedTaxBenefitsDecreasesResultingFromSettlementsWithTaxingAuthorities,UnrecognizedTaxBenefitsIncomeTaxPenaltiesAndInterestAccrued,UnrecognizedTaxBenefitsIncomeTaxPenaltiesAndInterestExpense,UnrecognizedTaxBenefitsIncreasesResultingFromCurrentPeriodTaxPositions,UnrecognizedTaxBenefitsIncreasesResultingFromForeignCurrencyTranslation,UnrecognizedTaxBenefitsIncreasesResultingFromPriorPeriodTaxPositions,UnrecognizedTaxBenefitsPeriodIncreaseDecrease,UnrecognizedTaxBenefitsReductionsResultingFromLapseOfApplicableStatuteOfLimitations,ValuationAllowanceDeferredTaxAssetChangeInAmount,WeightedAverageNumberDilutedSharesOutstandingAdjustment,WeightedAverageNumberOfDilutedSharesOutstanding,WeightedAverageNumberOfShareOutstandingBasicAndDiluted,WeightedAverageNumberOfSharesOutstandingBasic,ContractWithCustomerLiabilityIncreaseDecreaseForContractAcquiredInBusinessCombination,ConversionOfStockSharesIssued1,DebtInstrumentFaceAmount,EquitySecuritiesFvNiGainLoss
2016-07-01,2016-08-02,10-Q,FORTIVE CORPORATION,FTV,CIK0001659166,USD,,644200000.0,948200000.0,,,,706000000.0,,1005200000.0,-800000.0,,,10900000.0,7100000.0,,,,,,7787100000.0,2162000000.0,,,,,,,,,,,487200000.0,,,,,,,,,,0.01,2000000000.0,345200000.0,345200000.0,3500000.0,229400000.0,,,,,,787000000.0,,,,,,,21400000.0,,32300000.0,,,,,,,,,,,,,,,,,,,,,,,,,,,,,,,,,,,,,,,,,,,,,,,,,,,,,,,,,72300000.0,0.69,0.69,0.69,0.252,,,,,,,,,,,,,3800000.0,,18000000.0,,,,,,,,,,,,,,,,,,3962400000.0,,,,,,768100000.0,,,,,319400000.0,,,,,,,,80500000.0,,,,,,,,,,0.0,,726600000.0,,2700000.0,,204600000.0,557500000.0,269500000.0,83400000.0,,,,,,,,,,,7787100000.0,1350200000.0,,,,3374800000.0,,3464000000.0,,,1800000000.0,750000000.0,,800000000.0,,,,,3374800000.0,3100000.0,,,,,,,,,,,,,,,40.0,,,,,,,322100000.0,,,,,,,,,,,,,,,,,,,,402100000.0,,,,,-10600000.0,-9500000.0,-1100000.0,,689700000.0,,,,,,3000000000.0,,,,,,,,,,,,0.01,15000000.0,0.0,0.0,0.0,169100000.0,,,,,,,,,,,,,,,,,,238900000.0,,534000000.0,,,,,,,59100000.0,,,,,,96700000.0,,,,,,10000000.0,,,,,1555100000.0,349300000.0,,,,,,1200000.0,0.0,,,,,,,,,,,,5300000.0,,114500000.0,2100000.0,0.0,184300000.0,5100000.0,0.0,,,,,,188400000.0,,0.0,,,,,59700000.0,,,,2369300000.0,2372400000.0,,,,,,,,,,,,,,,,,,,,,,345200000.0,345200000.0,345200000.0,,,,
2016-09-30,2016-10-27,10-Q,FORTIVE CORPORATION,FTV,CIK0001659166,USD,,619400000.0,972000000.0,,,,749600000.0,,1006300000.0,-25500000.0,2375300000.0,,12000000.0,8100000.0,,,,,,8133300000.0,2359200000.0,,,,,,,,,0.0,,724800000.0,,,,,,,,,0.07,0.01,2000000000.0,345700000.0,345700000.0,3500000.0,202200000.0,,,,,,794500000.0,,,,,3526900000.0,,21000000.0,,14100000.0,,,,,,,,,,,,,,,,,,,,,,,,,,,,,,,,,,0.0,,,,,,,,,,,,,,,,,,,,,24200000.0,,,0.66,,0.65,0.243,,,,,,,,,,,3300000.0,96500000.0,3900000.0,,1000000.0,,,,,,,,,,,,,,,,,,4048000000.0,,,,,,772900000.0,,,,,299800000.0,,,,,,,,72900000.0,,,,,,-70700000.0,,,,3200000.0,,775800000.0,,23400000.0,,204200000.0,558100000.0,273500000.0,80400000.0,,,,,,,,,,,8133300000.0,1369000000.0,,,,3509100000.0,,3615700000.0,,,1976900000.0,750000000.0,0.0,800000000.0,,,,,3509100000.0,3600000.0,,,,,,,226900000.0,226900000.0,,,,,,,40.0,,,,,,,323200000.0,,,,,,,,,,,,,,,,,,,,412000000.0,,,,,-25700000.0,-24700000.0,-1000000.0,,695600000.0,,,,,,,,,,,,,,,,,,0.01,15000000.0,0.0,0.0,0.0,104300000.0,,3500000000.0,,,,,,,,,,61900000.0,,,,,,226900000.0,,538300000.0,,,,,,,,,,,,,95200000.0,,,,202700000.0,,6000000.0,,,,,1567400000.0,354500000.0,,,,,,,,,,22400000.0,4900000.0,,2800000.0,,40.27,,,194100000.0,10800000.0,32.96,,,24.64,190300000.0,10400000.0,32.12,27.67,50.6,,,,,127800000.0,,,,,,,,,,2556000000.0,2559600000.0,,,,,,,,,,,,,,,,,,,,,,349200000.0,,346000000.0,,,,
2016-12-31,2017-02-28,10-K,FORTIVE CORPORATION,FTV,CIK0001659166,USD,,666200000.0,945400000.0,9000000.0,63500000.0,344000000.0,800300000.0,202400000.0,1004200000.0,-145800000.0,2427200000.0,85300000.0,40700000.0,27200000.0,,47800000.0,,85000000.0,,8189800000.0,2488700000.0,,,2.43,845400000.0,6636800000.0,,,,0.0,,803200000.0,803200000.0,803200000.0,,1400000.0,-19600000.0,154500000.0,,9000000.0,0.07,0.01,2000000000.0,346000000.0,345900000.0,3500000.0,740900000.0,,,,,,2692700000.0,,197200000.0,59500000.0,29700000.0,3000000000.0,,20100000.0,14800000.0,,-8900000.0,-4700000.0,544900000.0,204600000.0,80100000.0,-2500000.0,10500000.0,33000000.0,298300000.0,57000000.0,8000000.0,49100000.0,31700000.0,28500000.0,44200000.0,27100000.0,26700000.0,246600000.0,85200000.0,416500000.0,,10000000.0,33200000.0,9900000.0,127400000.0,,,,,,43000000.0,75600000.0,160900000.0,0.0,,186500000.0,0.0,54400000.0,,,,,497200000.0,126000000.0,,,2600000.0,,,,,,846100000.0,0.0,48400000.0,,,3.17,,3.15,0.267,0.35,0.0,0.026,-0.054,0.0,-0.023,0.0,0.017,-26700000.0,,59900000.0,85600000.0,13500000.0,,36000000.0,,,,,678200000.0,60000000.0,41000000.0,45000000.0,52000000.0,55000000.0,1035900000.0,,,,0.0,,,3445100000.0,113200000.0,-83200000.0,0.0,,,3482100000.0,111000000.0,4800000.0,740200000.0,681000000.0,1010500000.0,329500000.0,740200000.0,2.14,2.13,132100000.0,0.38,0.38,270300000.0,110000000.0,12300000.0,-33800000.0,53000000.0,15300000.0,,31300000.0,16700000.0,,1600000.0,1425500000.0,747300000.0,0.0,46400000.0,41000000.0,198300000.0,544600000.0,267000000.0,79300000.0,46000000.0,,,,,,,,,,8189800000.0,1466500000.0,,,,3358000000.0,,3321400000.0,,,1450000000.0,750000000.0,0.0,800000000.0,,,,,3358000000.0,3100000.0,3800000.0,2400000.0,-310800000.0,-291200000.0,1136900000.0,982400000.0,872300000.0,872300000.0,740200000.0,,,5049900000.0,214000000.0,,40.0,,,2.0,,,12.0,1399400000.0,,,,,,,,44000000.0,20000000.0,24000000.0,33000000.0,38000000.0,26000000.0,,,178000000.0,10000000.0,180900000.0,18500000.0,427200000.0,,,,,-123800000.0,-131400000.0,7600000.0,600000.0,674300000.0,49000000.0,-4800000.0,0.0,22900000.0,,48400000.0,,0.0,,,190100000.0,110100000.0,,,0.0,,,0.01,15000000.0,0.0,0.0,0.0,195500000.0,2978100000.0,3000000000.0,9000000.0,,,0.0,300000.0,,373800000.0,,59200000.0,60400000.0,500000.0,63100000.0,1900000.0,56000000.0,59600000.0,1096800000.0,1551800000.0,547600000.0,31000000.0,,,,,,,10000000.0,,,0.0,,351000000.0,15000000.0,9200000.0,20200000.0,403000000.0,5378200000.0,30000000.0,,,5378200000.0,,7851400000.0,1272800000.0,40700000.0,,,,,,,,,,4800000.0,24.79,76700000.0,800000.0,,1800000.0,,218100000.0,9400000.0,33.23,,,,213900000.0,10600000.0,32.4,,,,4800000.0,10700000.0,,139300000.0,,,,,100000.0,,,,,2687900000.0,2691000000.0,1600000.0,,,,,,,941000000.0,28600000.0,400000.0,1200000.0,600000.0,13000000.0,,6000000.0,,400000.0,-144200000.0,1300000.0,8000000.0,1600000.0,347300000.0,,345700000.0,,,,
2017-03-31,2017-04-27,10-Q,FORTIVE CORPORATION,FTV,CIK0001659166,USD,,623300000.0,944100000.0,,,,777700000.0,,1027600000.0,-101400000.0,2407800000.0,13300000.0,12000000.0,7900000.0,,,,,1800000.0,8234300000.0,2517400000.0,,,,,,,,,,,817600000.0,14400000.0,,,,,,,7000000.0,0.07,0.01,2000000000.0,346800000.0,346600000.0,3500000.0,244100000.0,,,,,,791200000.0,,,,,,,19300000.0,17900000.0,,,,,,,,,,,,,,,,,,,,,,,,,,,,,,,,,23400000.0,,0.0,,,,,,,,,,,,,,,,,,,,,24300000.0,,,0.58,,0.57,0.267,0.35,,,,,,,,12900000.0,,,115000000.0,4100000.0,,9600000.0,,,,,,,,,,,,,,,,,,3999200000.0,,20200000.0,,,,654200000.0,,,,,272300000.0,,161500000.0,0.46,0.47,38200000.0,0.11,0.1,72600000.0,,-47500000.0,-10000000.0,-37800000.0,,,24200000.0,600000.0,,4500000.0,,736200000.0,,22600000.0,,209900000.0,571600000.0,271600000.0,90100000.0,,,,,,,,,,,8234300000.0,1401000000.0,,,,3262700000.0,,3240500000.0,,,,,,,,,,,3262700000.0,3500000.0,-119400000.0,,-27400000.0,,148300000.0,,199700000.0,199700000.0,,,4900000.0,,,,,,,2.0,,,,243700000.0,,,,,,,,,,,,,,,,,,,,428600000.0,,,,,43600000.0,44400000.0,-800000.0,,678700000.0,700000.0,,600000.0,,,24200000.0,,,,6500000.0,0.0,26800000.0,,,,,,0.01,15000000.0,0.0,0.0,0.0,184100000.0,,,,,,,300000.0,,-95500000.0,,,65200000.0,,,,17400000.0,17600000.0,199700000.0,,552900000.0,,,,,,,,,,,,,96200000.0,,,,578500000.0,1318100000.0,,,,,,1535200000.0,352200000.0,12000000.0,,,,,,,,,,5300000.0,26.49,,100000.0,39.83,1800000.0,,282300000.0,12100000.0,36.86,,,,276000000.0,11600000.0,36.4,25.35,57.26,,,,,180400000.0,,,112000.0,,,,,,,2888400000.0,2891900000.0,300000.0,,,,,,,,,,,,,,,,,,,,,351500000.0,,347000000.0,,,,
2017-06-30,2017-07-27,10-Q,FORTIVE CORPORATION,FTV,CIK0001659166,USD,,648600000.0,985000000.0,,,,722200000.0,,1053100000.0,-55300000.0,2427100000.0,,13300000.0,8400000.0,,,,,,8467100000.0,2701700000.0,,,,,,,,,,,968400000.0,,,,,,,,7000000.0,0.07,0.01,2000000000.0,347200000.0,347000000.0,3500000.0,286200000.0,,,,,,823700000.0,,,,,,,19000000.0,18900000.0,,,,,,,,,,,,,,,,,,,,,,,,,,,,,,,,,,,0.0,,,,,,,,,,,,,,,,,,,,,24300000.0,,,0.69,,0.68,0.263,,,,,,,,,,,,103200000.0,4900000.0,,6900000.0,,,,,,,,,,,,,,,,,,4032100000.0,,,,,,708800000.0,,,,,325600000.0,,198400000.0,0.57,0.56,41700000.0,0.12,0.12,85500000.0,,,,,,,,,0.0,5000000.0,,729800000.0,,22700000.0,,202800000.0,560600000.0,268200000.0,89600000.0,,,,,,,,,,,8467100000.0,1370800000.0,,,,3208100000.0,,3224000000.0,,,,,,,,,,,3208100000.0,3500000.0,,,,,,,240100000.0,240100000.0,240100000.0,,,,,,,,,,,,,292900000.0,,,,,,,,,,,,,,,,,,,,440700000.0,,,,,45200000.0,46100000.0,-900000.0,,715200000.0,800000.0,,,,,,,,,,,,,,0.0,,,0.01,15000000.0,0.0,0.0,0.0,187700000.0,,,,,,,,,,,,66900000.0,,,,,,240100000.0,,562800000.0,,,,,,,,,,,,,99100000.0,,,,794200000.0,1399500000.0,,,,1628800000.0,,1628800000.0,356900000.0,,,,,,,,,,,5100000.0,27.25,,,,,,302400000.0,11600000.0,37.4,,,,295800000.0,11200000.0,36.16,,,,,,,183800000.0,,,,,,,,,,3169500000.0,3173000000.0,,,,,,,,,,,,,,,,,,,,,5000000.0,352200000.0,,347200000.0,,,,
2017-09-29,2017-10-26,10-Q,FORTIVE CORPORATION,FTV,CIK0001659166,USD,,646100000.0,1075100000.0,,,,733200000.0,,1072600000.0,-16300000.0,2449200000.0,,11900000.0,7900000.0,,,,,,9327000000.0,2695300000.0,,,0.6,211900000.0,1854000000.0,,,,15300000.0,,910900000.0,,,,,,,,7000000.0,0.07,0.01,2000000000.0,347900000.0,347500000.0,3500000.0,306800000.0,,,,,,845900000.0,,,,,,,18300000.0,19700000.0,,,,,,,,,,,,,,,,,,,,,,,,,,,,,,,,,,,0.0,,,,,,,,,,,,,,,,,,,,,24300000.0,,,0.77,,0.76,0.231,,,,,,,,,,,,90000000.0,4000000.0,,9700000.0,,,,,,,,,,,,,,,,,,4632300000.0,,,,,,744800000.0,,,,,348300000.0,,226700000.0,0.65,0.64,41100000.0,0.12,0.12,80500000.0,,,,,,,,,,5200000.0,,886100000.0,,22900000.0,,209500000.0,576200000.0,280600000.0,86100000.0,,,,,,,,,,,9327000000.0,1379300000.0,,,,3671900000.0,,3680400000.0,,,,,,,,,,,3671900000.0,4100000.0,,,,,,,267800000.0,267800000.0,267800000.0,,,,,,,,,,,,,301400000.0,,,,,,,,,,,,,,,,,,,,440100000.0,,,,,38100000.0,39000000.0,-900000.0,,797500000.0,800000.0,,,,,,,,,,,,,,0.0,,,0.01,15000000.0,0.0,0.0,0.0,133100000.0,,,,,,,,,,,,68300000.0,,,,,,267800000.0,,673200000.0,,,,,,,,,,,,,102000000.0,,,,1037800000.0,1460600000.0,,,,1685300000.0,,1685300000.0,380700000.0,,,,,,,,,,,5400000.0,28.23,,,,,,370900000.0,11200000.0,37.65,,,,362600000.0,10800000.0,37.23,,,,,,,229300000.0,,,,,,,,,,3474200000.0,3478300000.0,,,,,,,,,,,,,,,,,,,,,5200000.0,352900000.0,,347700000.0,,,,
2017-12-31,2018-02-28,10-K,FORTIVE CORPORATION,FTV,CIK0001659166,USD,,629000000.0,1020500000.0,8000000.0,86100000.0,573000000.0,815300000.0,232700000.0,824400000.0,-7600000.0,2444100000.0,65000000.0,44200000.0,29800000.0,,43200000.0,,65000000.0,,10500600000.0,2936800000.0,871000000.0,203800000.0,2.01,707600000.0,6407500000.0,,,,15300000.0,,962100000.0,158900000.0,962100000.0,158900000.0,1400000.0,-25000000.0,156300000.0,,8000000.0,0.35000000000000003,0.01,2000000000.0,348200000.0,347800000.0,3500000.0,1182700000.0,,298100000.0,211400000.0,86700000.0,,2834700000.0,,170000000.0,69800000.0,10500000.0,3122400000.0,,18000000.0,20900000.0,,-62000000.0,-1700000.0,750800000.0,213400000.0,86900000.0,2700000.0,14500000.0,25700000.0,237100000.0,44000000.0,7300000.0,37100000.0,20900000.0,22000000.0,31200000.0,27500000.0,26200000.0,317500000.0,140000000.0,526400000.0,,11200000.0,73200000.0,10000000.0,126500000.0,,,,,,45000000.0,93300000.0,158300000.0,0.0,,210600000.0,0.0,50400000.0,123100000.0,98500000.0,59500000.0,667200000.0,522900000.0,124500000.0,538200000.0,19600000.0,5300000.0,73900000.0,6800000.0,7300000.0,,102100000.0,900000000.0,,121500000.0,,,3.9799999999999995,,3.91,0.176,0.35,-0.192,0.029,-0.053,0.017,0.0,0.105,0.007,52500000.0,52500000.0,31200000.0,79900000.0,14400000.0,,31700000.0,,,,,747900000.0,97000000.0,81000000.0,85000000.0,88000000.0,93000000.0,1588600000.0,275000000.0,15300000.0,,8000000.0,,,4560300000.0,1035200000.0,80000000.0,0.0,,,3735000000.0,143000000.0,2300000.0,884300000.0,679600000.0,1073600000.0,394000000.0,1182000000.0,3.4,3.3499999999999996,199400000.0,0.5700000000000001,0.56,189300000.0,196000000.0,17700000.0,55400000.0,136000000.0,61000000.0,,-17500000.0,100500000.0,,5100000.0,2004300000.0,1256400000.0,0.0,88700000.0,87000000.0,201300000.0,506700000.0,232300000.0,73100000.0,46000000.0,,,,,,,,,,10500600000.0,1602300000.0,222200000.0,158000000.0,64200000.0,4056200000.0,0.0,4051800000.0,,0.0,1572400000.0,,,,,750000000.0,0.0,800000000.0,4056200000.0,17900000.0,599700000.0,598300000.0,-1669700000.0,-1644700000.0,1176400000.0,1020100000.0,1044500000.0,1044500000.0,884300000.0,,,6896600000.0,247000000.0,,50.0,2.0,,2.0,,,13.0,1448000000.0,,,,,,,,48000000.0,16000000.0,20000000.0,31000000.0,42000000.0,20000000.0,46000000.0,,226000000.0,16000000.0,151400000.0,52100000.0,469500000.0,133100000.0,134000000.0,-900000.0,,136600000.0,138200000.0,-1600000.0,-18800000.0,969700000.0,86000000.0,4000000.0,-1500000.0,17500000.0,,97200000.0,97200000.0,0.0,,15000000.0,1556600000.0,111100000.0,,0.05,0.0,,,0.01,15000000.0,0.0,0.0,0.0,243700000.0,125900000.0,,21500000.0,,,0.0,13400000.0,556200000.0,556200000.0,,26000000.0,65300000.0,1600000.0,63900000.0,1400000.0,70200000.0,73500000.0,1381400000.0,1434800000.0,610400000.0,38000000.0,,,-5500000.0,-4200000.0,-1300000.0,,13000000.0,,,0.0,,369300000.0,16000000.0,10300000.0,18600000.0,1350300000.0,7334000000.0,16000000.0,,,5756100000.0,,8462700000.0,1409100000.0,44200000.0,,,,,,,,,,5200000.0,28.64,42300000.0,400000.0,45.12,1700000.0,,372800000.0,13100000.0,30.88,,,,365300000.0,10600000.0,37.66,24.77,58.07,,5200000.0,10900000.0,,228500000.0,,,243000.0,0.0,0.0,,,,,3790300000.0,3808200000.0,1000000.0,17000000.0,,-70000000.0,135000000.0,,,1225000000.0,59000000.0,,1900000.0,600000.0,14000000.0,2000000.0,25300000.0,1900000.0,7800000.0,1200000.0,3300000.0,1000000.0,5100000.0,352600000.0,,347500000.0,,,,
2018-03-30,2018-04-26,10-Q,FORTIVE CORPORATION,FTV,CIK0001659166,USD,,711700000.0,1172100000.0,,,,749700000.0,,1117300000.0,29500000.0,2476100000.0,24900000.0,11000000.0,8700000.0,,,,,1500000.0,10655400000.0,3079700000.0,,,,,,,,,,,1015700000.0,53600000.0,1015700000.0,53600000.0,-100000.0,-5500000.0,40200000.0,,6000000.0,0.07,0.01,2000000000.0,349000000.0,348500000.0,3500000.0,298300000.0,,,,,,725900000.0,,,,,,,18000000.0,20300000.0,,,,,,,,,,,,,,,,,,,,,,,,,,,,,,,,,31000000.0,,0.0,,59000000.0,0.0,11800000.0,,,,,144000000.0,35200000.0,,,1300000.0,,,,,,248500000.0,,24300000.0,0.0,,0.75,,0.74,0.157,0.21,,,,,,,,15800000.0,15800000.0,,128400000.0,2300000.0,,,,,,,,,,,,,,,,,,,,5126200000.0,1800000.0,25900000.0,,,,766300000.0,,,214000000.0,,253900000.0,,214000000.0,0.61,0.61,47200000.0,0.14,0.13,39900000.0,,-28600000.0,3800000.0,-82600000.0,,,29800000.0,5300000.0,,5800000.0,,1259200000.0,,23300000.0,,216600000.0,615900000.0,302600000.0,96700000.0,,,,,,,,,,,10655400000.0,1461400000.0,,,,3996900000.0,,3932900000.0,,,,,,,,,,,,17300000.0,-94200000.0,-94100000.0,-39000000.0,-33500000.0,171000000.0,130800000.0,261200000.0,261200000.0,214000000.0,,,,,,,,2.0,,,,,277900000.0,,,,,,,,,,,,,,,,,,,,480500000.0,,36400000.0,,,36400000.0,37100000.0,-700000.0,-14800000.0,1087400000.0,700000.0,-700000.0,-100000.0,,,24300000.0,,0.0,,,7700000.0,25900000.0,,0.05,0.0,0.0,,0.0,15000000.0,0.0,0.0,0.0,276000000.0,0.0,,,,,,4400000.0,,-74200000.0,,,65700000.0,,,,19100000.0,15100000.0,261200000.0,,709800000.0,,,,-900000.0,-700000.0,-200000.0,,,,,0.0,,99900000.0,,,,1583300000.0,1492200000.0,,,,,,1740700000.0,388500000.0,11000000.0,,,,,,,,,,,,,,,,,,,,,,,,,,,,,,,,,,,,,-300000.0,,,,,4092400000.0,4109700000.0,,,,,,,,,,,,,,,,,,,,,5800000.0,354400000.0,,348600000.0,,,,
2018-06-29,2018-07-26,10-Q,FORTIVE CORPORATION,FTV,CIK0001659166,USD,,763500000.0,1187800000.0,,,,735900000.0,,1114900000.0,-69600000.0,3836800000.0,,13400000.0,10600000.0,,,,,1500000.0,11986100000.0,4503400000.0,,,0.43,151700000.0,1907600000.0,,,,,,2368200000.0,,2368200000.0,,,,,,22000000.0,0.07,0.01,2000000000.0,349500000.0,349000000.0,3500000.0,195900000.0,,302300000.0,210500000.0,91800000.0,21000000.0,771000000.0,,,,,,,16100000.0,21700000.0,,,,,,,,,,,,,,,,,,,,,,,,,,,,,,,,,,,,,56600000.0,0.0,11800000.0,,,,,146100000.0,40900000.0,,,1400000.0,,,,,,254200000.0,,24400000.0,0.0,,0.84,,0.83,0.164,,,,,,,,,,,,115600000.0,2800000.0,,,,,,,,,,,,,,,,,,,,5081900000.0,,,,,,830800000.0,,,250200000.0,,299400000.0,,250200000.0,0.72,0.7,44800000.0,0.13,0.13,49200000.0,,,,,,,,,200000.0,,,1230900000.0,,23900000.0,,223200000.0,642300000.0,311200000.0,107900000.0,,,,,,,,,,,11986100000.0,2298700000.0,,,,3726700000.0,799300000.0,2823900000.0,,,,,,,,,,,2927400000.0,17300000.0,,,,,,,294800000.0,,250000000.0,,,,,,,,,,,,,324400000.0,,,,,,,,,,,,,,,,,,,,479500000.0,,-99800000.0,,,-99800000.0,-99100000.0,-700000.0,20300000.0,1118100000.0,1100000.0,-1100000.0,,,,,,,,,,,,,200000.0,0.0,1000.0,0.01,15000000.0,1380000.0,1400000.0,0.0,305100000.0,,,,,,,,,,,,67000000.0,,,,,,295000000.0,,690400000.0,,,,-900000.0,-700000.0,-200000.0,,,,,,,101900000.0,,,,1853900000.0,1601800000.0,,570200000.0,,1856000000.0,,,404500000.0,,,,,,,,,,,,,,,,,,,,,,,,,,,,,,,,,,,,,796400000.0,,,,,,5624600000.0,5641900000.0,,,,,,,,,,,,,,,,,,,,,5600000.0,355000000.0,,349200000.0,,,,
2018-09-28,2018-10-25,10-Q,FORTIVE CORPORATION,FTV,CIK0001659166,USD,,758700000.0,1295600000.0,,,,896300000.0,,1135400000.0,-92800000.0,3862500000.0,,12900000.0,10100000.0,,,,,0.0,13862800000.0,3414300000.0,,,0.4,141900000.0,1856800000.0,56000000.0,-19100000.0,35700000.0,0.0,,1145100000.0,,1145100000.0,,,,,,22000000.0,0.07,0.01,2000000000.0,350300000.0,349800000.0,3500000.0,222100000.0,,333300000.0,241600000.0,91700000.0,20000000.0,775300000.0,,,,,,,15500000.0,24200000.0,,,,,,,,,,,,,,,,,,,,,,,,,,,,,,,,,,,,,38600000.0,0.0,7300000.0,,,,,140500000.0,49800000.0,,,,,,,,,238900000.0,,24500000.0,35200000.0,,0.65,,0.64,0.17,,,,,,,,,,,,104500000.0,2800000.0,,,,,,,,,,,,,,,0.0,,,,,6743300000.0,,,,,,825900000.0,,,214000000.0,,257700000.0,,214000000.0,0.56,0.55,31300000.0,0.09,0.09,43700000.0,,,,,,,,,,,,2499900000.0,,23100000.0,,222700000.0,649200000.0,316700000.0,109800000.0,,,,,,,,,,,13862800000.0,3479500000.0,,,,5002500000.0,1824500000.0,3075100000.0,,,,,,,,,,,3178000000.0,18800000.0,,,,,,,227900000.0,,196600000.0,,,,,,,,,,,,,281600000.0,,,,,,,,48000000.0,16000000.0,20000000.0,31000000.0,42000000.0,20000000.0,,,,,,,523000000.0,,-23900000.0,,,-23900000.0,-23200000.0,-700000.0,5100000.0,1356200000.0,800000.0,-800000.0,,,,,,,,,,,,,17400000.0,25.56,,0.01,15000000.0,1400000.0,1400000.0,0.0,324400000.0,,,,,,,,,,,,67400000.0,,,,,,245300000.0,,682300000.0,,,,-900000.0,-700000.0,-200000.0,,,,,,,103700000.0,,,,2057100000.0,1601200000.0,,564200000.0,,1840100000.0,,,440600000.0,,,,,,,,,,,,,,,,,,,,,,,,,,,,,,,,,,,,,1822400000.0,,,,,,5830300000.0,5849100000.0,,,,,,,,,,,,,,,,,,,,,5400000.0,355300000.0,,349900000.0,,,,
2018-12-31,2019-02-28,10-K,FORTIVE CORPORATION,FTV,CIK0001659166,USD,,706500000.0,1195100000.0,14000000.0,174700000.0,728300000.0,999300000.0,244500000.0,889800000.0,-86600000.0,3126000000.0,104500000.0,40600000.0,31900000.0,,54900000.0,,105000000.0,18400000.0,12905600000.0,3171200000.0,30000000.0,30000000.0,2.56,898700000.0,7625300000.0,,,,0.0,144000000.0,1178400000.0,216300000.0,1178400000.0,216300000.0,5900000.0,879700000.0,660300000.0,,22000000.0,0.35000000000000003,0.01,2000000000.0,335100000.0,334500000.0,3400000.0,2790100000.0,32000000.0,380700000.0,288100000.0,92600000.0,119000000.0,1614200000.0,,25000000.0,79900000.0,-3400000.0,2781000000.0,,17000000.0,,,-9800000.0,-15700000.0,778700000.0,,,-400000.0,7100000.0,17900000.0,255300000.0,112000000.0,,27300000.0,14200000.0,17400000.0,50500000.0,19700000.0,40300000.0,523400000.0,155200000.0,597100000.0,,14700000.0,11700000.0,7800000.0,117600000.0,56000000.0,74000000.0,1000000.0,1000000.0,3000000.0,38000000.0,69700000.0,174200000.0,,0.0,2610300000.0,-1909900000.0,186700000.0,4200000.0,9200000.0,21500000.0,0.0,1969700000.0,558100000.0,0.0,0.0,25100000.0,4400000.0,21400000.0,0.0,,0.0,3416400000.0,,120000000.0,52200000.0,,14.59,,14.38,0.134,0.21,-0.035,0.054,-0.008,0.026,0.0,,0.002,-40600000.0,-40600000.0,,91000000.0,8700000.0,24000000.0,,,,0.0,14000000.0,870700000.0,201000000.0,166000000.0,181000000.0,191000000.0,194000000.0,2818200000.0,275000000.0,0.0,,0.0,,,4993600000.0,1601200000.0,-28400000.0,0.0,,,3084500000.0,138000000.0,600000.0,490200000.0,214300000.0,565800000.0,351500000.0,730300000.0,1.9900000000000002,1.96,4295800000.0,12.61,12.43,75600000.0,69000000.0,60000000.0,36000000.0,31500000.0,25900000.0,,34100000.0,17000000.0,0.0,5200000.0,3347000000.0,2476300000.0,,77200000.0,102000000.0,219500000.0,574500000.0,251900000.0,103100000.0,64000000.0,,,,,,,,,,12905600000.0,2192100000.0,30700000.0,30700000.0,0.0,3430300000.0,455600000.0,2867500000.0,1450000000.0,455300000.0,,,,,0.0,125700000.0,750000000.0,0.0,2974700000.0,17400000.0,879100000.0,873200000.0,-1966600000.0,-2846300000.0,1344400000.0,684100000.0,2878900000.0,,455300000.0,455300000.0,,9734400000.0,263000000.0,,50.0,,,2.0,,,13.0,939800000.0,,,0.0,0.0,,0.0,181400000.0,54200000.0,13500000.0,24000000.0,32400000.0,41200000.0,16100000.0,41000000.0,,668000000.0,26000000.0,152500000.0,51700000.0,548900000.0,-127000000.0,-127200000.0,200000.0,,-127300000.0,-123700000.0,-3600000.0,9400000.0,1125900000.0,,-2300000.0,-2200000.0,11900000.0,,96600000.0,96600000.0,34900000.0,43000000.0,17000000.0,2778600000.0,69900000.0,,0.05,34900000.0,37.78,1000000.0,0.01,15000000.0,1400000.0,1400000.0,0.0,193200000.0,1741300000.0,,0.0,,,1337400000.0,42100000.0,-266100000.0,-266100000.0,0.0,39300000.0,16300000.0,2600000.0,71000000.0,1100000.0,77200000.0,81700000.0,5026100000.0,1465900000.0,395600000.0,6000000.0,,,-4300000.0,-3500000.0,-800000.0,,14000000.0,,,1850000000.0,,278100000.0,6000000.0,4200000.0,4500000.0,3552700000.0,5557900000.0,16000000.0,537500000.0,0.45,6452700000.0,,,1262800000.0,40600000.0,,,,,,,,,,4600000.0,33.2,68700000.0,900000.0,45.01,2300000.0,,228400000.0,11900000.0,36.22,,,,226000000.0,9600000.0,45.35,24.11,56.39,,4600000.0,9700000.0,,160300000.0,,,217000.0,454900000.0,300000.0,,,,,6595500000.0,6612900000.0,2600000.0,19000000.0,,-13000000.0,1000000.0,0.0,9400000.0,2200000000.0,133400000.0,900000.0,3800000.0,6400000.0,16000000.0,4000000.0,40800000.0,,39000000.0,9200000.0,3500000.0,14000000.0,5200000.0,350700000.0,,345500000.0,,,,
2019-03-29,2019-04-25,10-Q,FORTIVE CORPORATION,FTV,CIK0001659166,USD,,667800000.0,1146600000.0,,,,837800000.0,,797700000.0,-69400000.0,3240300000.0,52200000.0,12900000.0,10100000.0,,,,,1700000.0,15656200000.0,5796300000.0,,26300000.0,,,,,,,,139200000.0,3728900000.0,,3728900000.0,2550500000.0,0.0,0.0,-5000000.0,,20000000.0,0.07,0.01,2000000000.0,335800000.0,335000000.0,3400000.0,181600000.0,,403500000.0,306200000.0,97300000.0,114300000.0,780200000.0,,,,,,,137700000.0,,,,,,,,,,,,,,,,,,,,,,,,,,,,,,,,,,29700000.0,,,,400000.0,-500000.0,0.0,5100000.0,5400000.0,17300000.0,,5800000.0,0.0,,,0.0,0.0,21200000.0,,,,5700000.0,,23400000.0,17300000.0,,0.44,,0.43,0.148,,,,,,,,,,7100000.0,,147600000.0,2800000.0,,,,,,,,,,,,,,,,,,,,6169000000.0,,35900000.0,0.0,31800000.0,,551600000.0,,,164000000.0,,192400000.0,,74400000.0,0.17,0.17,90000000.0,0.27,0.26,28400000.0,,-40600000.0,-49900000.0,-13200000.0,,,33300000.0,60400000.0,,,,2435500000.0,,25300000.0,,244100000.0,608300000.0,265900000.0,98300000.0,,188900000.0,40700000.0,,11700000.0,21900000.0,31700000.0,41100000.0,41800000.0,20500000.0,15656200000.0,2639600000.0,,22700000.0,,5783700000.0,1055400000.0,4889900000.0,,,,,,,,,,,4728300000.0,12000000.0,2411200000.0,2411200000.0,-24000000.0,-24000000.0,156200000.0,161200000.0,147100000.0,,146700000.0,,,,,,,,,2.0,,,,112000000.0,18000000.0,168400000.0,55900000.0,112500000.0,16000000.0,166400000.0,,,,,,,,,0.034,,,,,620700000.0,,16700000.0,,7200000.0,16700000.0,17200000.0,-500000.0,7200000.0,1313100000.0,,400000.0,0.0,,24000000.0,23400000.0,23400000.0,17300000.0,,,0.0,24000000.0,,0.05,17300000.0,12.5,,0.01,15000000.0,1400000.0,1400000.0,0.0,286200000.0,2417800000.0,,,,,,-6800000.0,443800000.0,443800000.0,,,67200000.0,,,,23000000.0,17900000.0,164400000.0,,468300000.0,,,,-700000.0,-500000.0,-200000.0,,,,,402900000.0,,109000000.0,,,,3676400000.0,980400000.0,,556100000.0,,,,,486400000.0,12900000.0,,,,,,,,,,,,,,,,,,,,,,,,,,,,,,,,,,,,1055200000.0,200000.0,,,,,6850700000.0,6862700000.0,,,,,,,,,,,,,,,,,,,,,4400000.0,339500000.0,,335100000.0,,,,
2019-06-28,2019-07-25,10-Q,FORTIVE CORPORATION,FTV,CIK0001659166,USD,,697900000.0,1315200000.0,,,,1024900000.0,,821400000.0,-67600000.0,3265400000.0,,15900000.0,12600000.0,,,,,0.0,16468100000.0,3436300000.0,,21400000.0,0.67,226100000.0,1894500000.0,,,,,159900000.0,1092100000.0,,1092100000.0,,,,,,20000000.0,0.07,0.01,2000000000.0,336200000.0,335400000.0,3400000.0,176400000.0,71100000.0,469400000.0,372100000.0,97300000.0,63800000.0,960700000.0,,,,,,,125400000.0,,,,,,,,,,,,,,,,,,,,,,,,,,,,,,,,,,,,,,-700000.0,300000.0,0.0,300000.0,5200000.0,11900000.0,,300000.0,500000.0,,,0.0,0.0,21100000.0,,,,400000.0,,23400000.0,17200000.0,,0.47,,0.46,0.142,,,,,,,,,,,,137700000.0,3300000.0,,,,,,,999700000.0,,,,,,4101800000.0,,,,,,,7750900000.0,,,0.0,,,605800000.0,,,175300000.0,,204300000.0,,45000000.0,0.08,0.08,129600000.0,0.39,0.38,29000000.0,,,,,,,,,0.0,,4812900000.0,3813200000.0,,44400000.0,,336300000.0,693700000.0,260400000.0,97000000.0,,232300000.0,70400000.0,,17600000.0,25900000.0,36000000.0,49100000.0,33300000.0,30000000.0,16468100000.0,2791200000.0,,17100000.0,,6196500000.0,1000000000.0,5376900000.0,,,,,,,,,,,5196500000.0,11300000.0,,,,,,,157400000.0,,158100000.0,,,,,,,,,,,,,95600000.0,20000000.0,202300000.0,51300000.0,151000000.0,,197600000.0,,,,,,,,,0.034,,,,,755400000.0,,1300000.0,,,1300000.0,1800000.0,-500000.0,-7100000.0,1306500000.0,,-800000.0,,,,,,,,,,,,,17200000.0,12.5,,0.01,15000000.0,1400000.0,1400000.0,0.0,313900000.0,,,,,,,,,,,,72200000.0,,,,,,174600000.0,,514700000.0,,,,-700000.0,-500000.0,-200000.0,,,,,,,117400000.0,,,,3810400000.0,1169400000.0,,561100000.0,,,39400000.0,,537100000.0,,,,,,,,,,,,,,,,,,,,,,,,,,,,,,,,,,,,,1000000000.0,,,,,,7011600000.0,7022900000.0,,,,,,,-7100000.0,,,,,,,,,,,,,,4100000.0,339700000.0,,335600000.0,,,,
2019-09-27,2019-10-25,10-Q,FORTIVE CORPORATION,FTV,CIK0001659166,USD,,693800000.0,1332000000.0,,,,1154600000.0,,825700000.0,-119600000.0,3291200000.0,,16700000.0,13200000.0,,,,,3300000.0,16660400000.0,3465900000.0,,17800000.0,0.71,240300000.0,1877600000.0,,,,,151600000.0,1060500000.0,,1060500000.0,,,,,,20000000.0,0.07,0.01,2000000000.0,336600000.0,335700000.0,3400000.0,155100000.0,81900000.0,481700000.0,384700000.0,97000000.0,41000000.0,932300000.0,,,,,,,113700000.0,,,,,,,,,,,,,,,,,,,,,,,,,,,,,,,,,,,,,,-200000.0,600000.0,0.0,100000.0,5300000.0,10400000.0,,100000.0,0.0,,,,0.0,17700000.0,,,,0.0,,23500000.0,17300000.0,,0.56,,0.56,0.118,,,,,,,,,,,,129000000.0,3500000.0,,,,,,,1063400000.0,,,,,,4002900000.0,,41200000.0,,,,,7995500000.0,,,0.0,,,618700000.0,,,207300000.0,,235100000.0,,74000000.0,0.17,0.17,133100000.0,0.39,0.39,27800000.0,,,,,,,,,,,4724000000.0,3660600000.0,,47000000.0,,311700000.0,680700000.0,266700000.0,102300000.0,,247800000.0,85200000.0,,20400000.0,29900000.0,39700000.0,51900000.0,20700000.0,30300000.0,16660400000.0,2916300000.0,,15700000.0,,6015600000.0,1000000000.0,5168800000.0,,,,,,,,,,,5015600000.0,11900000.0,,,,,,,189800000.0,,190000000.0,,,,,,,,,,,,,96400000.0,23000000.0,217500000.0,52200000.0,165300000.0,,210200000.0,,,,,,,,,0.032,,,,,808400000.0,,-52500000.0,,,-52500000.0,-52000000.0,-500000.0,10300000.0,1399600000.0,,-1200000.0,,,,,,,,,,,,,17300000.0,12.5,,0.01,15000000.0,1400000.0,1400000.0,0.0,374900000.0,,,,,,,,,,,,73400000.0,,,,,,207100000.0,,519800000.0,,,,-700000.0,-500000.0,-200000.0,,,,,,,119100000.0,,,,3976700000.0,1150800000.0,,540300000.0,,,13500000.0,,566500000.0,,,,,,,,,,,,,,,,,,,,,,,,,,,,,,,,,,,,,1000000000.0,,,,,,7151700000.0,7163600000.0,,,,,,,10300000.0,,,,,,,,,,,,,,3800000.0,339900000.0,,336100000.0,,,,
2019-12-31,2020-02-27,10-K,FORTIVE CORPORATION,FTV,CIK0001659166,USD,82100000.0,449000000.0,890700000.0,13000000.0,78000000.0,1049000000.0,797800000.0,,612700000.0,-56300000.0,3311100000.0,261000000.0,52500000.0,43100000.0,26400000.0,26400000.0,,261000000.0,3000000.0,17439000000.0,3688800000.0,2846400000.0,838100000.0,2.37,805000000.0,7659900000.0,,,,,52000000.0,1205200000.0,,1205200000.0,26800000.0,-10200000.0,-40300000.0,569400000.0,,20000000.0,0.35000000000000003,0.01,2000000000.0,336900000.0,336000000.0,3400000.0,769200000.0,66000000.0,359000000.0,323000000.0,36000000.0,226000000.0,2080700000.0,,23400000.0,48700000.0,5000000.0,5264600000.0,8.8e-05,102000000.0,,,16900000.0,-17400000.0,893000000.0,,,-8000000.0,9300000.0,10000000.0,241900000.0,130000000.0,,26400000.0,23400000.0,4800000.0,23600000.0,3500000.0,43800000.0,651100000.0,139700000.0,651400000.0,35300000.0,26900000.0,39700000.0,3600000.0,143200000.0,74000000.0,97000000.0,3000000.0,3000000.0,4000000.0,48000000.0,80500000.0,341500000.0,,0.0,535600000.0,2100000.0,64800000.0,493800000.0,316500000.0,361800000.0,2008300000.0,1587500000.0,494400000.0,1157800000.0,274300000.0,22200000.0,224100000.0,120200000.0,472800000.0,272600000.0,103400000.0,2778200000.0,,117300000.0,86200000.0,,2.51,,2.49,0.204,0.21,0.0,-0.012,-0.017,0.017,,,-0.033,,7100000.0,,116600000.0,9400000.0,,,0.0,0.0,0.0,10000000.0,979900000.0,336000000.0,306000000.0,308000000.0,315000000.0,330000000.0,3924900000.0,310000000.0,40800000.0,,0.0,0.0,0.0,7241500000.0,2192900000.0,19300000.0,0.0,75900000.0,40200000.0,3190300000.0,75000000.0,0.0,268100000.0,91300000.0,336700000.0,245400000.0,342800000.0,0.76,0.76,588900000.0,1.75,1.73,68600000.0,79000000.0,52400000.0,204900000.0,219500000.0,8500000.0,,-93500000.0,71300000.0,0.0,4200000.0,4550600000.0,3570700000.0,,142600000.0,127000000.0,189800000.0,416200000.0,151200000.0,75200000.0,,239500000.0,63200000.0,57400000.0,16200000.0,22800000.0,34100000.0,45800000.0,,25600000.0,17439000000.0,3467200000.0,950900000.0,678300000.0,272600000.0,6326200000.0,1500000000.0,4992300000.0,1450000000.0,1500000000.0,,,,,0.0,0.0,1564600000.0,750000000.0,4826200000.0,13200000.0,2802900000.0,2813100000.0,-4054600000.0,-4014300000.0,1271400000.0,702000000.0,669900000.0,,199100000.0,199100000.0,,,278000000.0,,50.0,,,2.0,2.0,12.0,12.0,583800000.0,58000000.0,213900000.0,42100000.0,133800000.0,48000000.0,169000000.0,,,,,,,,,0.03,886000000.0,42000000.0,148900000.0,23800000.0,344700000.0,20700000.0,28000000.0,-7300000.0,,50500000.0,30300000.0,20200000.0,5700000.0,1339000000.0,,-5400000.0,0.0,22000000.0,24000000.0,,93800000.0,69000000.0,,15000000.0,3939800000.0,74500000.0,,0.05,69000000.0,62.5,1000.0,0.01,15000000.0,1400000.0,1400000.0,0.0,338600000.0,2913200000.0,,0.0,,,0.0,23200000.0,494800000.0,,0.0,40000000.0,21600000.0,3800000.0,20500000.0,1100000.0,14700000.0,16100000.0,931700000.0,1028700000.0,416000000.0,12000000.0,,,-3100000.0,-2300000.0,-800000.0,,13000000.0,,,455300000.0,,320300000.0,,32600000.0,50400000.0,4128800000.0,5827200000.0,12000000.0,555200000.0,,,67000000.0,,1719000000.0,52500000.0,,,,,,,,,,4800000.0,38.14,52500000.0,900000.0,55.01,2700000.0,,242000000.0,12300000.0,40.5,,,,240500000.0,10000000.0,53.12,28.14,57.28,,4800000.0,10200000.0,,184500000.0,,,193000.0,1500000000.0,-100000.0,,,,,7387000000.0,7400200000.0,1400000.0,41000000.0,,,,,5700000.0,2400000000.0,214900000.0,400000.0,13000000.0,300000.0,23000000.0,8000000.0,17800000.0,,79700000.0,0.0,2300000.0,15000000.0,4200000.0,340000000.0,,335800000.0,,,,0.0
2020-03-27,2020-04-30,10-Q,FORTIVE CORPORATION,FTV,CIK0001659166,USD,115800000.0,745400000.0,1317600000.0,,,,1072400000.0,,843200000.0,-193600000.0,3333700000.0,78200000.0,12800000.0,10700000.0,,,,,5700000.0,16931700000.0,3445600000.0,,3300000.0,,,,,,,,119000000.0,1040500000.0,,1040500000.0,-164700000.0,-1000000.0,-16900000.0,69300000.0,,17000000.0,0.07,0.01,2000000000.0,337700000.0,336800000.0,3400000.0,-95400000.0,76000000.0,518600000.0,423500000.0,95100000.0,126000000.0,496100000.0,,,,,,,93000000.0,,,,,,,,,,,,,,,,,,,,,,,,,,,,,,,,,,20200000.0,,,,-1300000.0,,11600000.0,,,,,346100000.0,141000000.0,,,,,,,,,609200000.0,,23500000.0,17300000.0,,0.07,,0.07,0.242,,,,,,,,,,-28300000.0,,204200000.0,2100000.0,,,,0.0,,,,,,,,,,,,,,,0.0,8271100000.0,,-56100000.0,85300000.0,13200000.0,,612000000.0,,,54800000.0,,72300000.0,,54800000.0,0.11,0.11,-12900000.0,-0.04,-0.04,17500000.0,,12700000.0,-6000000.0,-72100000.0,,,5200000.0,-14300000.0,,,,3751000000.0,,38600000.0,,282700000.0,650400000.0,264600000.0,103100000.0,,,,,,,,,,,16931700000.0,2121100000.0,,,,6076100000.0,250000000.0,5755900000.0,,,,,,,,,,,5826100000.0,11200000.0,-283200000.0,-282200000.0,-44200000.0,-27300000.0,191000000.0,121700000.0,24600000.0,,37500000.0,,,,,,,,,,2.0,,,115400000.0,16000000.0,,53300000.0,154500000.0,14000000.0,200000000.0,,,,,,,,,,,,,,744000000.0,,-136300000.0,,900000.0,-136300000.0,-137300000.0,1000000.0,,1576700000.0,,-4500000.0,-200000.0,,1000000.0,,23500000.0,0.0,,,1100000.0,26200000.0,,0.05,17300000.0,12.5,,0.01,15000000.0,1400000.0,1400000.0,0.0,433800000.0,373800000.0,,,,,,300000.0,-382800000.0,,,,78100000.0,,,,16200000.0,15900000.0,41900000.0,,520000000.0,,,,1200000.0,1000000.0,200000.0,,,382800000.0,,250000000.0,,80800000.0,,,,4098600000.0,1108100000.0,,524600000.0,,,7000000.0,,415800000.0,12800000.0,,,,,,,,,,,,,,,,,,,,,,,,,,,,,,,,,,,,250000000.0,-600000.0,,,,,7242100000.0,7253300000.0,,,,,,,900000.0,,,,,,,,,,,,,,3200000.0,340000000.0,,336800000.0,,,,
2020-06-26,2020-07-28,10-Q,FORTIVE CORPORATION,FTV,CIK0001659166,USD,125100000.0,733000000.0,1129200000.0,,,,1092000000.0,,867900000.0,-156600000.0,3360700000.0,,16900000.0,14300000.0,,,,,,16705700000.0,3250400000.0,,3300000.0,,,,,,,,114000000.0,1063000000.0,,1063000000.0,,,,,,17000000.0,0.07,0.01,2000000000.0,337900000.0,337000000.0,3400000.0,167000000.0,73000000.0,531100000.0,439200000.0,91900000.0,83000000.0,458800000.0,,,,,,,81000000.0,,,,,,,,,,,,,,,,,,,,,,,,,,,,,,,,,,,,,,81000000.0,,10800000.0,,,,,302800000.0,112600000.0,,,,,,,,,533700000.0,,23600000.0,17200000.0,,0.33,,0.33,0.169,,,,,,,,,,,,185500000.0,2600000.0,,,,0.0,,,,,,,,,,,,,,0.0,0.0,8297700000.0,,,0.0,,,582800000.0,,,59800000.0,,72000000.0,,59800000.0,0.13,0.13,70200000.0,0.2,0.2,12200000.0,,,,,,,,,,,,3671300000.0,,36200000.0,,294900000.0,664500000.0,267100000.0,102500000.0,,,,,,,,,,,16705700000.0,2876400000.0,,,,5685000000.0,998800000.0,,,,,,,,,,,,4686200000.0,11600000.0,,,,,,,112800000.0,,42600000.0,,,,,,,,,,,,,102600000.0,15000000.0,,52600000.0,163800000.0,,207800000.0,,,,,,,,,,,,,,758700000.0,,36000000.0,,,36000000.0,37000000.0,-1000000.0,,1572400000.0,,5600000.0,,,,,,,,,,,,,17200000.0,12.5,,0.01,15000000.0,1400000.0,1400000.0,0.0,390400000.0,,,,,,,,,,,,74000000.0,,,,,,130000000.0,,519800000.0,,,,-1200000.0,-1000000.0,-200000.0,,,,,,,77400000.0,,,,4187800000.0,1041600000.0,,526900000.0,,,,,402800000.0,,,,,,,,,,,,,,,,,,,,,,,,,,,,,,,,,,,,,,,,,,,7395300000.0,7406900000.0,,,,,,,3100000.0,,,,,,,,,,,,,,2400000.0,339700000.0,,337300000.0,,,,
2020-09-25,2020-10-27,10-Q,FORTIVE CORPORATION,FTV,CIK0001659166,USD,126300000.0,777100000.0,1207600000.0,,,,1210000000.0,,889700000.0,-91700000.0,3391700000.0,,15600000.0,13100000.0,,,,,,17199700000.0,3774700000.0,,2100000.0,,,,,,,,115000000.0,1489100000.0,,1489200000.0,,,,,,17000000.0,0.07,0.01,2000000000.0,338300000.0,337200000.0,3400000.0,290700000.0,81000000.0,547200000.0,456700000.0,90500000.0,104000000.0,508200000.0,,,,,,,70000000.0,,,,,,,,,,,,,,,,,,,,,,,,,,,,,,,,,,,,,,,,,,,,,,,,,,,,,,,,,23600000.0,17300000.0,,0.62,,0.61,0.134,,,,,,,,,,,,162100000.0,2500000.0,,,,0.0,,,,,,,,,,,,,,0.0,0.0,8341000000.0,,,0.0,,,651600000.0,,,86000000.0,,99300000.0,,86000000.0,0.2,0.2,139800000.0,0.42,0.41,13300000.0,,,,,,,,,,,,3595600000.0,,36900000.0,,296600000.0,661800000.0,266900000.0,98300000.0,,,,,,,,,,,17199700000.0,3041000000.0,,,,5698400000.0,999200000.0,,,,,,,,,,,,4699200000.0,12000000.0,,,,,,,208500000.0,,68700000.0,,,,,,,,,,,,,137500000.0,14000000.0,,54700000.0,171000000.0,,215100000.0,,,,,,,,,,,,,,759700000.0,,63900000.0,,,63900000.0,64900000.0,-1000000.0,,1600400000.0,,-1400000.0,,,,,,,,,,,,,17300000.0,12.5,,0.01,15000000.0,1400000.0,1400000.0,0.0,414100000.0,,,,,,,,,,,,76700000.0,,,,,,225800000.0,,513600000.0,,,,-1200000.0,-1000000.0,-200000.0,,,,,,,79200000.0,,,,4372700000.0,1159800000.0,,523100000.0,,,,,434800000.0,,,,,,,,,,,,,,,,,,,,,,,,,,,,,,,,,,,,,,,,,,,7676100000.0,7688100000.0,,,,,,,-2000000.0,,,,,,,,,,,,,,3200000.0,340800000.0,,337600000.0,,,,
2020-12-31,2021-02-26,10-K,FORTIVE CORPORATION,FTV,CIK0001659166,USD,42500000.0,480800000.0,810300000.0,15000000.0,65500000.0,887000000.0,899900000.0,,674500000.0,-141100000.0,3554500000.0,309900000.0,62600000.0,52900000.0,42500000.0,42500000.0,3700000.0,310000000.0,4900000.0,16051500000.0,4446900000.0,30400000.0,30400000.0,,,,,,,,31000000.0,1824800000.0,,1824800000.0,619600000.0,-20400000.0,-37600000.0,459000000.0,0.0,20700000.0,0.35000000000000003,0.01,2000000000.0,339000000.0,337900000.0,3400000.0,1664100000.0,56000000.0,410600000.0,376400000.0,34200000.0,291000000.0,2025900000.0,,59400000.0,74300000.0,19400000.0,4287500000.0,0.0001,57000000.0,,,-44100000.0,-33000000.0,839100000.0,,,-20500000.0,4600000.0,12500000.0,265900000.0,123000000.0,,32100000.0,27900000.0,8400000.0,16500000.0,3900000.0,47100000.0,573200000.0,166800000.0,554400000.0,44300000.0,27600000.0,46000000.0,4500000.0,167100000.0,,,,,,51000000.0,74100000.0,384000000.0,,69000000.0,185900000.0,0.0,24800000.0,0.0,0.0,33300000.0,0.0,1107300000.0,455300000.0,0.0,0.0,31000000.0,0.0,30400000.0,0.0,0.0,0.0,1963400000.0,,118100000.0,86200000.0,,8.129999999999999,,7.86,0.037,0.21,0.0,0.009,-0.005,0.005,,,0.004,,27400000.0,,123500000.0,9700000.0,,,1119200000.0,0.0,1119200000.0,13000000.0,1299300000.0,309000000.0,287000000.0,290000000.0,292000000.0,304000000.0,3959600000.0,,0.0,,5300000.0,0.0,0.0,7359200000.0,30900000.0,51900000.0,0.0,34900000.0,,3370600000.0,68000000.0,0.0,1452200000.0,1213300000.0,1507700000.0,294400000.0,2703800000.0,7.75,7.52,125100000.0,0.37,0.35,55500000.0,95000000.0,18100000.0,-82400000.0,59900000.0,97600000.0,,7300000.0,-147900000.0,19900000.0,1700000.0,4589900000.0,3290600000.0,,148500000.0,123000000.0,227900000.0,455500000.0,152400000.0,75200000.0,,221700000.0,62700000.0,49900000.0,15100000.0,22200000.0,29800000.0,42000000.0,,20400000.0,16051500000.0,2860800000.0,33300000.0,33300000.0,0.0,4230100000.0,1399800000.0,,1450000000.0,1400000000.0,,,,,0.0,0.0,0.0,1437500000.0,2830300000.0,8500000.0,-696100000.0,-675700000.0,-148400000.0,-110800000.0,1436700000.0,977700000.0,1544300000.0,,1383200000.0,1452200000.0,,,,,50.0,,,3.0,,,5.0,723300000.0,60000000.0,201300000.0,47000000.0,154300000.0,52000000.0,188700000.0,,,,,,,,,0.028,957000000.0,36000000.0,134500000.0,62200000.0,344100000.0,42800000.0,47100000.0,-4300000.0,,63500000.0,50800000.0,12700000.0,,1233400000.0,,-2400000.0,0.0,44000000.0,8000000.0,,94400000.0,69000000.0,,16000000.0,40400000.0,75700000.0,,0.05,69000000.0,62.5,1000.0,0.01,15000000.0,1400000.0,1400000.0,0.0,206700000.0,741700000.0,,,,,0.0,20700000.0,-1141900000.0,,5300000.0,46700000.0,24900000.0,1200000.0,22900000.0,2000000.0,11500000.0,13900000.0,2828900000.0,1096500000.0,422000000.0,7000000.0,359000000.0,246000000.0,-4700000.0,-3700000.0,-1000000.0,,12000000.0,,,1730800000.0,,320700000.0,,15400000.0,26800000.0,5547400000.0,5959300000.0,13000000.0,135200000.0,,,55000000.0,,1748400000.0,62600000.0,,,,,,,,,,4800000.0,37.54,65800000.0,700000.0,61.39,2300000.0,-1400000.0,221300000.0,10600000.0,50.07,,,,219700000.0,10500000.0,49.83,26.32,63.09,89.88,4800000.0,10600000.0,,159500000.0,,,225000.0,,-300000.0,,,,,8964200000.0,8972700000.0,1900000.0,,8000000.0,,,,1900000.0,2600000000.0,200100000.0,,26500000.0,500000.0,26000000.0,10000000.0,10400000.0,1700000.0,16100000.0,,6100000.0,3000000.0,,359000000.0,,337400000.0,,,,1119200000.0
2021-04-02,2021-04-29,10-Q,FORTIVE CORPORATION,FTV,CIK0001659166,USD,40200000.0,464500000.0,829500000.0,,,,836900000.0,,680000000.0,-174800000.0,3563800000.0,77500000.0,16600000.0,13500000.0,,,,,,14278900000.0,2800900000.0,,0.0,,,,,,,,29000000.0,1299600000.0,,1299600000.0,-525200000.0,0.0,0.0,-7200000.0,,19000000.0,0.07,0.01,2000000000.0,339700000.0,338500000.0,3400000.0,76500000.0,67000000.0,430100000.0,397800000.0,32300000.0,123000000.0,547300000.0,,,,,,,39000000.0,,,,,,,,,,,,,,,,,,,,,,,,,,,,,,,,,,19500000.0,,,,-1800000.0,,-300000.0,,,2800000.0,,0.0,1900000.0,,,,,0.0,,,,0.0,,23700000.0,17300000.0,,0.27,,0.27,0.059,,,,,,,,,,-6500000.0,,172700000.0,3100000.0,,,0.0,57000000.0,,,,,,,,,,,,,,,-104900000.0,7340400000.0,,-15000000.0,,-3800000.0,,711900000.0,,,111700000.0,,118700000.0,,111700000.0,0.28,0.28,-1500000.0,0.0,0.0,7000000.0,,-13000000.0,26900000.0,-80600000.0,,,3800000.0,-3800000.0,,,,3209700000.0,,27700000.0,,231300000.0,466600000.0,158500000.0,76800000.0,,,,,,,,,,,14278900000.0,2474800000.0,,2800000.0,,2567500000.0,1126000000.0,,,,,,,,,,,,1441500000.0,7700000.0,-654900000.0,-654900000.0,-8600000.0,-8600000.0,144800000.0,152000000.0,92900000.0,,94400000.0,,,,,,,,,,3.0,,,197600000.0,15000000.0,,44600000.0,152700000.0,16000000.0,186600000.0,,,,,,,,,,,,,,331200000.0,,-34700000.0,,,-34700000.0,-33700000.0,-1000000.0,,1193200000.0,,-3300000.0,,,,,23700000.0,17300000.0,,,200000.0,8400000.0,,0.05,17300000.0,12.5,,0.01,15000000.0,1400000.0,1400000.0,0.0,205200000.0,0.0,,,,,,-2800000.0,,,,,26400000.0,0.0,,,3700000.0,5300000.0,110200000.0,,410100000.0,,,,-1300000.0,-1000000.0,-300000.0,,,0.0,,611100000.0,,86200000.0,,,,5616600000.0,1259200000.0,,131800000.0,,,9000000.0,,428100000.0,16600000.0,,,,,,,,,,,,,,,,,,,,,,,,,,,,,,,,,,,,,100000.0,,,,,9009000000.0,9016700000.0,,,,,,,,,,,,,,,,,,,,,3100000.0,341700000.0,,338600000.0,,,,
2021-07-02,2021-07-29,10-Q,FORTIVE CORPORATION,FTV,CIK0001659166,USD,38400000.0,489400000.0,817900000.0,,,,900000000.0,,696200000.0,-157300000.0,3602100000.0,,20200000.0,17000000.0,,,,,,14495500000.0,3086400000.0,,0.0,,,,,,,,29000000.0,1565800000.0,,1565800000.0,,,,,,19000000.0,0.07,0.01,2000000000.0,359700000.0,358400000.0,3600000.0,198400000.0,70000000.0,429000000.0,398600000.0,30400000.0,65000000.0,564200000.0,,,,,,,30000000.0,,,,,,,,,,,,,,,,,,,,,,,,,,,,,,,,,,,,,,-1300000.0,,-200000.0,,,1500000.0,,0.0,1300000.0,,,,,0.0,,,,0.0,,23700000.0,17200000.0,,0.48,,0.48,0.123,,,,,,,,,,,,154600000.0,3200000.0,,,0.0,0.0,,,,,,,,,,,,,,26000000.0,0.0,7347300000.0,,,,,,755500000.0,,,182000000.0,,207500000.0,,182000000.0,0.49,0.48,-1100000.0,0.0,0.0,25500000.0,,,,,,,,,,,,3133700000.0,,25200000.0,,235500000.0,488000000.0,172300000.0,80200000.0,,,,,,,,,,,14495500000.0,2569700000.0,,1500000.0,,2576400000.0,1134600000.0,,,,,,,,,,,,1441800000.0,4700000.0,,,,,,,163700000.0,,164800000.0,,,,,,,,,,,,,211300000.0,15000000.0,,44200000.0,145700000.0,,180100000.0,,,,,,,,,,,,,,348000000.0,,16600000.0,,,16600000.0,17500000.0,-900000.0,,1128600000.0,,-4600000.0,,,,,,,,,,,,,17200000.0,12.5,,0.01,15000000.0,0.0,0.0,0.0,214700000.0,,,,,,,,,,,,25500000.0,,,,,,180900000.0,,400000000.0,,,,-1200000.0,-900000.0,-300000.0,,,,,,,87800000.0,,,,5756600000.0,1319700000.0,,135800000.0,,,,,456400000.0,,,,,,,,,,,,,,,,,,,,,,,,,,,,,,,,,,,,,,,,,,,9205000000.0,9209700000.0,,,,,,,,,,,,,,,,,,,,,3000000.0,342400000.0,,339400000.0,,,,
2021-10-01,2021-10-28,10-Q,FORTIVE CORPORATION,FTV,CIK0001659166,USD,36300000.0,494900000.0,830400000.0,,,,969200000.0,,701100000.0,-192100000.0,3624300000.0,,18400000.0,15000000.0,,,,,,14976100000.0,2425300000.0,,0.0,,,,,,,,28000000.0,838400000.0,,838400000.0,,,,,215000000.0,19000000.0,0.07,0.01,2000000000.0,359900000.0,358600000.0,3600000.0,116000000.0,77000000.0,431300000.0,400500000.0,30800000.0,82000000.0,555300000.0,,,,,,,21000000.0,,,,,,,,,,,,,,,,,,,,,,,,,,,,,,,,,,,,,,,,,,,,,,,,,,,,,,,,,25200000.0,0.0,,0.42,,0.42,0.132,,,,,,,,,,,,144800000.0,3400000.0,,,0.0,0.0,,,1460500000.0,,,,,,4225500000.0,,,,,0.0,0.0,8221500000.0,,,,,,745700000.0,,,151100000.0,,174100000.0,,152600000.0,0.42,0.42,-300000.0,0.0,0.0,23000000.0,,,,,,,,,,,4852500000.0,3392100000.0,,25100000.0,,231100000.0,506800000.0,187800000.0,87900000.0,,,,,,,,,,,14976100000.0,2868900000.0,,1200000.0,,2585300000.0,1143200000.0,,,,,,,,,,,,1442100000.0,4800000.0,,,,,,,150800000.0,,151100000.0,,,,,,,,,,,,,202300000.0,15000000.0,,45400000.0,144300000.0,,180300000.0,,,,,,,,,,,,,,361900000.0,,-35700000.0,,,-35700000.0,-34800000.0,-900000.0,,1198000000.0,,-1600000.0,,,,,,,,,,,,,0.0,0.0,,0.01,15000000.0,0.0,0.0,0.0,249700000.0,,,,,,,,,,,,25800000.0,,,,,,152300000.0,,395000000.0,,,,-1200000.0,-900000.0,-300000.0,,,,,,,87800000.0,,,,5882200000.0,1301000000.0,,143200000.0,,,,,455600000.0,,,,,,,,,,,,,,,,,,,,,,,,,,,,,,,,,,,,,,,,,,,9318000000.0,9322800000.0,,,,,,,,,,,,,,,,,,,,,3300000.0,362200000.0,,358900000.0,,,,
2021-12-31,2022-03-01,10-K,FORTIVE CORPORATION,FTV,CIK0001659166,USD,,557900000.0,930200000.0,6000000.0,53000000.0,1011200000.0,960700000.0,,679000000.0,-185000000.0,3670000000.0,320800000.0,77400000.0,64500000.0,39700000.0,39700000.0,11200000.0,321000000.0,,16465500000.0,2514900000.0,0.0,0.0,,,,,,,,27000000.0,819300000.0,,819300000.0,-1005500000.0,0.0,0.0,-31800000.0,,18600000.0,0.35000000000000003,0.01,2000000000.0,360400000.0,359100000.0,3600000.0,564500000.0,71000000.0,491400000.0,457600000.0,33800000.0,307000000.0,2247600000.0,,21500000.0,75000000.0,7800000.0,3606500000.0,,13000000.0,,,-21900000.0,-16900000.0,1012800000.0,,,-2200000.0,5200000.0,11400000.0,314900000.0,182000000.0,,36900000.0,29000000.0,7500000.0,30600000.0,5400000.0,73700000.0,697900000.0,157300000.0,765100000.0,42600000.0,4000000.0,43800000.0,4500000.0,133900000.0,,,,,,57000000.0,74700000.0,395500000.0,,0.0,,,,0.0,0.0,0.0,0.0,,,0.0,0.0,,0.0,0.0,0.0,0.0,0.0,,,122800000.0,34500000.0,,2.1,,2.07,0.093,0.21,,0.056,-0.044,0.003,,,0.009,,-3000000.0,,132000000.0,12900000.0,,,0.0,57000000.0,0.0,10000000.0,1544400000.0,381000000.0,362000000.0,364000000.0,367000000.0,369000000.0,4812400000.0,542000000.0,0.0,,0.0,29900000.0,-104900000.0,9152000000.0,1843000000.0,-47900000.0,0.0,-2300000.0,,3801100000.0,64000000.0,,614200000.0,367400000.0,677500000.0,310100000.0,782100000.0,2.13,2.11,-8700000.0,-0.03,-0.03,63300000.0,103000000.0,73400000.0,84100000.0,28300000.0,41000000.0,,53600000.0,34500000.0,0.0,3300000.0,5434600000.0,3890200000.0,,103200000.0,0.0,215400000.0,512700000.0,203300000.0,94000000.0,,203300000.0,58300000.0,45600000.0,15600000.0,19500000.0,27600000.0,36700000.0,,18800000.0,16465500000.0,3714900000.0,0.0,0.0,,3959000000.0,2151700000.0,,550000000.0,2156500000.0,,,,,900000000.0,0.0,0.0,0.0,1807300000.0,4800000.0,652000000.0,652000000.0,-2615600000.0,-2615600000.0,961100000.0,992900000.0,573900000.0,,579700000.0,579700000.0,,,,,50.0,,,3.0,,,5.0,1014400000.0,60000000.0,184500000.0,44600000.0,139900000.0,53000000.0,175600000.0,,,,,,,,,0.026,1800000000.0,53000000.0,142200000.0,33200000.0,337300000.0,-41000000.0,-47200000.0,6200000.0,,-68700000.0,-43900000.0,-24800000.0,,1286400000.0,,-14100000.0,,23300000.0,300000.0,,97700000.0,34500000.0,,17000000.0,2570100000.0,50000000.0,,0.05,34500000.0,25.0,,0.01,15000000.0,0.0,0.0,0.0,252700000.0,999800000.0,,,,,,30600000.0,364900000.0,,4500000.0,52400000.0,25200000.0,0.0,23000000.0,2200000.0,17600000.0,17500000.0,773400000.0,1074500000.0,395500000.0,7100000.0,493000000.0,369000000.0,-4300000.0,-3300000.0,-1000000.0,,14000000.0,,,611100000.0,,354800000.0,,10800000.0,18700000.0,6023600000.0,6629500000.0,13000000.0,740100000.0,,,34000000.0,,1839500000.0,77400000.0,,,,,,,,,43000000.0,4800000.0,42.78,55900000.0,700000.0,64.28,2000000.0,,224300000.0,10400000.0,54.81,,,,222900000.0,10300000.0,54.62,36.4,69.07,,4800000.0,10400000.0,,160900000.0,,,252000.0,,400000.0,,,,,9512200000.0,9517000000.0,1500000.0,,15000000.0,,,,0.0,2000000000.0,193000000.0,1200000.0,1400000.0,200000.0,25000000.0,6000000.0,7900000.0,,3400000.0,,15600000.0,27000000.0,,352300000.0,,349000000.0,52400000.0,,,57000000.0
